Eglin_plot1.asc
NCOLS 100 
NROWS 100 
XLLCORNER 525310 
YLLCORNER 3377741.5 
CELLSIZE 0.5 
NODATA_value -3.4e+38 
[rows 50 to 74 of 100, columns 0 to 54 of 100]
14.2799997329712 14.9499998092651 14.8199996948242 15.3399991989136 15.0499992370605 14.7699995040894 13.3899993896484 12.8699998855591 10.5299997329712 10.3499994277954 5.44999980926514 0 0 0.919999957084656 8.55999946594238 6.75 7.10999965667725 8.03999996185303 8.72999954223633 10.0699996948242 10.75 10.4699993133545 10.5299997329712 9.48999977111816 9.52999973297119 6.75 3.82999992370605 2.05999994277954 1.0900000333786 0.979999959468842 0.579999983310699 0.439999997615814 0 0 0 0 0 0 0 0 0.439999997615814 0.889999985694885 0.189999997615814 0.0700000002980232 0 0 0 0.0700000002980232 0.469999998807907 0.639999985694885 0.709999978542328 0 0.0399999991059303 0.0899999961256981 0.599999964237213
14.3099994659424 15.2599992752075 15.6199998855591 15.289999961853 15.7599992752075 13.6799993515015 14.1399993896484 13.6199998855591 12.9799995422363 10.6499996185303 10.3299999237061 7.96000003814697 0 4.40999984741211 4.46999979019165 5.96999979019165 5.32999992370605 4.75999975204468 4.07999992370605 6.64999961853027 9.64999961853027 10.5100002288818 10.3999996185303 9.09000015258789 8.88000011444092 4.42000007629395 0.179999992251396 0.439999997615814 0.680000007152557 0.379999995231628 0.449999988079071 0.5 0 0 0 0 0 0 0 0 0 0.889999985694885 0.5 0.0899999961256981 0 0 0 0.189999997615814 0.669999957084656 0.649999976158142 0.449999988079071 0.0999999940395355 0 0 0.789999961853027
15.4399995803833 15.4299993515015 15.8199996948242 16.3599987030029 15.8199996948242 15.0699996948242 13.4399995803833 13.6300001144409 12.6599998474121 11.789999961853 10.2799997329712 9.80000019073486 4.28999996185303 3.16999983787537 3.30999994277954 4.00999975204468 5.05999994277954 3.17999982833862 4.02999973297119 9.01000022888184 8.23999977111816 10.5500001907349 10.460000038147 10.1399993896484 9.13999938964844 0.0299999993294477 0 0 0 0.109999999403954 0 0 0 0 0 0 0 0 0 0 0 0.170000001788139 0.0399999991059303 0.0199999995529652 0 0 0.269999980926514 0.799999952316284 0.599999964237213 0.280000001192093 0.25 0.159999996423721 0.0999999940395355 0.119999997317791 0.239999994635582
15.3999996185303 15.6499996185303 15.7699995040894 15.9499998092651 15.9099998474121 15.5699996948242 14.5 13.2599992752075 11.4299993515015 10.5199995040894 9.32999992370605 8.39999961853027 5.36999988555908 5.29999971389771 3.44999980926514 3.75 3.09999990463257 7.05999994277954 8.23999977111816 8.78999996185303 9.42999935150146 10.8299999237061 10.8899993896484 10.0199995040894 9.69999980926514 6.80999994277954 0 0 0 0 0 0 0 0.469999998807907 0 0 0 0 0 0 0 0 0 0.189999997615814 0.209999993443489 0 0.209999993443489 0.489999979734421 0.280000001192093 0.379999995231628 0.439999997615814 0.719999969005585 0.649999976158142 0.00999999977648258 0.170000001788139
13.4299993515015 14.7599992752075 15.3699998855591 15.8599996566772 15.7999992370605 15.6999998092651 15.3899993896484 12.5699996948242 12.2699995040894 10.789999961853 8.77999973297119 8.69999980926514 8.63999938964844 5.78999996185303 3.28999996185303 3.48000001907349 4.33999967575073 5.75 8.01999950408936 9.17999935150146 9.09999942779541 9.98999977111816 10.1399993896484 9.5 9.15999984741211 3.51999998092651 1.1599999666214 0 0 0 0.599999964237213 2.19000005722046 0.5 0.469999998807907 0 0 0 0 0 0 0 0 0 0.469999998807907 0.269999980926514 0 0 0.0700000002980232 0.469999998807907 0.529999971389771 1.07999992370605 1.29999995231628 0.459999978542328 0 0.0299999993294477
14.289999961853 14.2599992752075 14.0900001525879 15.5699996948242 15.5299997329712 15.3699998855591 15.1799993515015 13.4200000762939 10.3999996185303 9.06999969482422 8.94999980926514 8.6899995803833 4.8899998664856 0 0.119999997317791 0.439999997615814 0.0299999993294477 1.69999992847443 7.27999973297119 8.52999973297119 9.22000026702881 8.23999977111816 9 9.10999965667725 9.1899995803833 1.13999998569489 0.0999999940395355 0 0 0 0.550000011920929 2.00999999046326 1.14999997615814 0.319999992847443 0 0 0 0 0 0 0 0 0 0.299999982118607 0.0199999995529652 0 0 0 0.340000003576279 0.310000002384186 0.189999997615814 0.659999966621399 0.649999976158142 0.340000003576279 0.319999992847443
14.1199998855591 14.3499994277954 13.5999994277954 14.7299995422363 15.3499994277954 15.1999998092651 14.1099996566772 13.3299999237061 11.210000038147 7.71999979019165 0 0.0199999995529652 0 0.0599999986588955 0.340000003576279 0.0299999993294477 0.0199999995529652 0.589999973773956 0 6.5 8.13999938964844 8.23999977111816 8.84999942779541 9.01000022888184 3.83999991416931 1.00999999046326 0.109999999403954 0.269999980926514 0.0599999986588955 0 0 1.36000001430511 0 0.509999990463257 0 0 0 0 0 0.00999999977648258 0.00999999977648258 0 0 0 0 0 0 0 0.0799999982118607 0.159999996423721 0 0.0399999991059303 0.259999990463257 0.25 0.0799999982118607
12.8800001144409 13.960000038147 13.3400001525879 13.8099994659424 13.6499996185303 13.7399997711182 13.5900001525879 12.1599998474121 11.3599996566772 4.73000001907349 0.0499999970197678 0.0599999986588955 0 0 0 0.239999994635582 1.04999995231628 0.0299999993294477 0 0.0299999993294477 0.579999983310699 5.23999977111816 2.03999996185303 2.39999985694885 2.79999995231628 0.669999957084656 0.329999983310699 0.109999999403954 0.109999999403954 0 0 0 2.60999989509583 1.22000002861023 0 0 0 0 0 0 0.0299999993294477 0 0 0 0 0 0 0.779999971389771 1.69999992847443 0.649999976158142 0 0 0 0 0.0199999995529652
11.1099996566772 13.0499992370605 13.539999961853 13.7399997711182 13.3499994277954 14.0900001525879 12.3099994659424 11.4099998474121 10.6199998855591 8.92000007629395 1.24000000953674 1.80999994277954 0 0 0 1.42999994754791 0.599999964237213 0.0700000002980232 0 0 0.0299999993294477 0.0199999995529652 2.37999987602234 2.3899998664856 2.70000004768372 0.759999990463257 0.479999989271164 0.269999980926514 0.0799999982118607 0 0 0 3.23000001907349 2.92999982833862 0.85999995470047 0 0 0 0 0.680000007152557 0.209999993443489 0.119999997317791 0 0 0 0 2.28999996185303 2.35999989509583 3.68999981880188 0.0299999993294477 0.299999982118607 0.280000001192093 0 0 0
11.460000038147 11.7799997329712 12.2699995040894 12.3199996948242 12.7599992752075 11.2399997711182 10.1399993896484 10.4399995803833 10.4699993133545 8.89999961853027 7.15999984741211 5.25999975204468 2.0699999332428 0 0 0.479999989271164 0.179999992251396 0.0199999995529652 0 0 0 0 3.6399998664856 4.02999973297119 3.67999982833862 1.69999992847443 0.0399999991059303 0 0 0.329999983310699 0.399999976158142 0.149999991059303 3.37999987602234 3.22000002861023 2.5699999332428 0 0 0 0 2.86999988555908 2.51999998092651 1.11000001430511 0 0 0 1.11000001430511 2.71000003814697 2.80999994277954 2.8899998664856 0.359999984502792 0.659999966621399 0.769999980926514 0.680000007152557 0 0
9.64999961853027 12.039999961853 11.8000001907349 11.9699993133545 12.3599996566772 11.2299995422363 10.1599998474121 10.25 10.0999994277954 9.05999946594238 7.08999967575073 0 0.0299999993294477 0 0.259999990463257 0.0799999982118607 0 0 0 0 0 1.64999997615814 4.15000009536743 4.06999969482422 4 3.84999990463257 0.639999985694885 0 0 0.239999994635582 1.24000000953674 0.620000004768372 3.25 3.32999992370605 2.60999989509583 0.0899999961256981 0 0 1.37000000476837 3.47000002861023 3.10999989509583 0.810000002384186 0.0999999940395355 0 0 0.919999957084656 1.02999997138977 2.93999981880188 0 0 0.529999971389771 0.659999966621399 0.280000001192093 0.0700000002980232 0
8.26000022888184 11.1700000762939 11.8000001907349 11.8299999237061 11.9299993515015 11.0999994277954 10.2600002288818 9.92999935150146 9.73999977111816 8.85999965667725 3.97000002861023 0.0599999986588955 0.189999997615814 0.239999994635582 0.370000004768372 0.0299999993294477 0 0 0 0 0 0 4.3899998664856 4.23999977111816 3.93999981880188 3.77999997138977 0 0 0 0 0.729999959468842 3.59999990463257 3.5 3.35999989509583 1.20999991893768 0.489999979734421 0 0 3.21000003814697 3.19999980926514 2.89999985694885 2.05999994277954 0.849999964237213 0 0 0 0 0 0 0 0.199999988079071 0.479999989271164 0.409999996423721 6.00999975204468 0.909999966621399
7.94999980926514 7.19000005722046 8.40999984741211 4.5 3.8199999332428 2.10999989509583 5.73000001907349 5.98999977111816 0 0 0.0799999982118607 0.259999990463257 0.229999989271164 0.170000001788139 0.219999998807907 0.0299999993294477 0 0 0 0.329999983310699 0.389999985694885 4.1399998664856 4.27999973297119 4.04999971389771 2.3199999332428 0.129999995231628 0 0.0499999970197678 0 0 3.94999980926514 3.5699999332428 0 0.659999966621399 1.01999998092651 0.610000014305115 0 0 2.44000005722046 2.39999985694885 2.42999982833862 1.61000001430511 1.02999997138977 0.409999996423721 0 0.0599999986588955 0.0299999993294477 0 7.69000005722046 2.57999992370605 0 3.41999983787537 3.76999998092651 9.17000007629395 9.96000003814697
2.5699999332428 4.86999988555908 4.05999994277954 3.64999985694885 0.370000004768372 1.46999990940094 2.21000003814697 0.0399999991059303 0.0399999991059303 0.119999997317791 0.209999993443489 0.159999996423721 0.00999999977648258 0.219999998807907 0.349999994039536 0.00999999977648258 0 0 0.0700000002980232 0.509999990463257 0.909999966621399 0.389999985694885 0 0 0.0700000002980232 0 0 0.170000001788139 0 3.94999980926514 3.50999999046326 2.20000004768372 0 0 0 0.340000003576279 0.569999992847443 0 0 0 1.69999992847443 1.20999991893768 0.209999993443489 0.199999988079071 0.189999997615814 1 0.340000003576279 0 9.14999961853027 10.7199993133545 13.6099996566772 12.6799993515015 12.5299997329712 11.289999961853 12.3299999237061
4 3.17999982833862 3.53999996185303 2.02999997138977 0.0399999991059303 0.0700000002980232 0.889999985694885 0.00999999977648258 0.0299999993294477 0.170000001788139 0.519999980926514 0.329999983310699 0.179999992251396 0.0299999993294477 0.0299999993294477 0 0 0.229999989271164 0 0.25 0.189999997615814 0.28999999165535 0 0 0 0 0 4.40000009536743 4.08999967575073 3.0699999332428 4.26999998092651 4.06999969482422 4.09999990463257 3.50999999046326 2.90999984741211 2.41999983787537 0.819999992847443 0 0 0 0.699999988079071 0.669999957084656 0.189999997615814 0 0.28999999165535 0.399999976158142 0.689999997615814 2.37999987602234 9.56999969482422 11.3000001907349 13.789999961853 13.3699998855591 13.1599998474121 12.8299999237061 12.1399993896484
3.79999995231628 3.84999990463257 3.76999998092651 0 0 0.429999977350235 0.870000004768372 0.0799999982118607 0 0.0299999993294477 0.0599999986588955 0.189999997615814 0.109999999403954 0 0 3.28999996185303 2.77999997138977 2.82999992370605 0.189999997615814 0.969999969005585 0.389999985694885 0.0499999970197678 0 0 0.119999997317791 0 0 3.52999997138977 4.01999998092651 2.75 3.77999997138977 4.00999975204468 0 0 0 1.1599999666214 0 0.170000001788139 0.179999992251396 0 0 0 0 0 0 0.109999999403954 0 3.93999981880188 9.76999950408936 10.0299997329712 13.8599996566772 13.8699998855591 14.2699995040894 13.6999998092651 13.0499992370605
3.54999995231628 3.5699999332428 3.65999984741211 0.0599999986588955 0.0199999995529652 0.0999999940395355 0.179999992251396 0.280000001192093 0.00999999977648258 0 0 0 0 0 0 0.0899999961256981 2.16999983787537 2.40999984741211 2.72000002861023 2.65999984741211 1.41999995708466 0 0 0 1.13999998569489 0.799999952316284 1.88999998569489 3.10999989509583 3.62999987602234 3 2.98000001907349 1.5699999332428 0 0 0 0 0 0.0499999970197678 0.119999997317791 0 0 0 0 0 0 0 0 0 12.3199996948242 13.7999992370605 13.6700000762939 14.6599998474121 14.75 14.539999961853 13.6999998092651
3.34999990463257 3.75999999046326 3.67999982833862 1.61000001430511 0 0 0.349999994039536 0.469999998807907 0 0 0 0 0 0 0 0 0.879999995231628 1.87999999523163 0.0799999982118607 2.47000002861023 2.65999984741211 2.8899998664856 0.349999994039536 0 0.639999985694885 0.459999978542328 0.219999998807907 3.5 3.40999984741211 2.89999985694885 0.610000014305115 0.810000002384186 0 0 0 0 0 0 0 0 0 0.280000001192093 0.179999992251396 0 0 0 0 13.9699993133545 13.4799995422363 13.5099992752075 13.2699995040894 14.7199993133545 14.7999992370605 14.1899995803833 13.1799993515015
3.73000001907349 4.36999988555908 3.99000000953674 3.43999981880188 1.22000002861023 0 0.0700000002980232 0.0700000002980232 0 0 0 0 0 0.0399999991059303 0.0199999995529652 0.0199999995529652 0.0799999982118607 1.58999991416931 0.469999998807907 0 2.74000000953674 2.72000002861023 2.61999988555908 0 0.229999989271164 0.219999998807907 0.0399999991059303 3.3199999332428 2.42999982833862 1.37999999523163 1.22000002861023 0 0 0 0 0 0 0 0 0 0 0.199999988079071 0.189999997615814 0 0.349999994039536 0.170000001788139 0 13.3699998855591 13.460000038147 13.8400001525879 14.25 14.2599992752075 14.1199998855591 13.9499998092651 12.289999961853
3.34999990463257 4 3.59999990463257 4.03999996185303 0 0 0.0299999993294477 0.00999999977648258 0 0 0 0 0 0.629999995231628 2.59999990463257 0.0899999961256981 1.12999999523163 1.36000001430511 1.35000002384186 2.08999991416931 2.61999988555908 0.889999985694885 1.14999997615814 0.0899999961256981 1.04999995231628 0.589999973773956 0.310000002384186 0.389999985694885 0.349999994039536 0 0.149999991059303 0.0599999986588955 0 0 0 0 0 0 0 0 0.0299999993294477 0.589999973773956 0 0.209999993443489 1.29999995231628 0 0 7.96999979019165 13.3199996948242 13.3099994659424 13.1499996185303 13.5799999237061 13.3400001525879 12.8599996566772 12.4399995803833
2.86999988555908 2.79999995231628 2.91999983787537 4 4.21999979019165 0.00999999977648258 0.0599999986588955 0.00999999977648258 0.0899999961256981 0.0599999986588955 0 0.119999997317791 0.469999998807907 1.23000001907349 2.98000001907349 3.00999999046326 2.97000002861023 1.92999994754791 1.87000000476837 2.47000002861023 0.359999984502792 0.799999952316284 0.469999998807907 0.0299999993294477 0.25 0.849999964237213 2.30999994277954 1.74000000953674 1.26999998092651 0.329999983310699 1.20999991893768 1.03999996185303 0 0 0 0 0 0 0 0.0599999986588955 0 0 0.170000001788139 0.569999992847443 0.170000001788139 0.00999999977648258 0 0.879999995231628 4.52999973297119 12.039999961853 12.1099996566772 13.460000038147 13.0099992752075 12.3599996566772 10.5900001525879
2.71000003814697 2.85999989509583 3.05999994277954 3.77999997138977 3.90999984741211 1.59999990463257 0.0399999991059303 0.209999993443489 0.340000003576279 0.319999992847443 0.649999976158142 0.539999961853027 0.719999969005585 0.109999999403954 0.340000003576279 0.479999989271164 2.54999995231628 2.46000003814697 1.9099999666214 2.12999987602234 0.0199999995529652 0.479999989271164 1.4099999666214 1.35000002384186 2.05999994277954 2.62999987602234 1.1599999666214 0.870000004768372 1.52999997138977 0.569999992847443 3.14999985694885 1.54999995231628 0.0399999991059303 0.129999995231628 0 0 0 0 0 0 0 0.449999988079071 0.849999964237213 0.689999997615814 0.280000001192093 0 0 0.0799999982118607 0.529999971389771 9.77999973297119 10.6799993515015 12.8199996948242 11.3899993896484 11.710000038147 7.98000001907349
2.65999984741211 3.27999997138977 3.8199999332428 3.30999994277954 2.01999998092651 0.479999989271164 0.0299999993294477 0.209999993443489 0.409999996423721 0.469999998807907 0.729999959468842 1.04999995231628 0.519999980926514 0.0299999993294477 0.0799999982118607 0.0899999961256981 1.10000002384186 2.14999985694885 2.10999989509583 1.87000000476837 1.11000001430511 1.25 0.610000014305115 0.00999999977648258 0.189999997615814 0 0 0 1.70999991893768 3.5 3.43999981880188 3.53999996185303 0.429999977350235 1.18999993801117 0.0899999961256981 0 0 0 0 0 0 0 0.949999988079071 0.299999982118607 0 0 0 0.0700000002980232 0.229999989271164 7.28999996185303 9.55999946594238 11.5799999237061 11.4200000762939 7.91999959945679 7.90999984741211
2.6399998664856 3.47000002861023 3.33999991416931 2.69000005722046 0.789999961853027 0.109999999403954 0.209999993443489 0.419999986886978 0.389999985694885 0.810000002384186 0.189999997615814 0.0999999940395355 0.0499999970197678 0.0299999993294477 0 0 2.48000001907349 2.49000000953674 2.47000002861023 1.22000002861023 1.58999991416931 1.49000000953674 0.170000001788139 0.00999999977648258 0.599999964237213 0.0999999940395355 0 0 2.78999996185303 4.07999992370605 3.83999991416931 3.68999981880188 3.67999982833862 2.58999991416931 0 0 0 0 0 0 0 0.310000002384186 0.280000001192093 0.149999991059303 0 0 0.0399999991059303 0.0299999993294477 1.01999998092651 4.71999979019165 7.78999996185303 7.54999971389771 8.46000003814697 7.79999971389771 7.96000003814697
1.32999992370605 0 3.42999982833862 3.36999988555908 1.64999997615814 0.310000002384186 0.370000004768372 0.370000004768372 0.449999988079071 5.98999977111816 1.93999993801117 0.25 0.0499999970197678 0.00999999977648258 0.0199999995529652 0.0999999940395355 2.55999994277954 2.75 1.48000001907349 1.00999999046326 1.99000000953674 1.33999991416931 0.189999997615814 0.0199999995529652 0.109999999403954 0.140000000596046 0 0 0.989999949932098 4.27999973297119 4.98000001907349 4.46000003814697 4.15000009536743 3.91999983787537 1.63999998569489 0 0 0 0 0 0 0 0 0 0 0 0.149999991059303 0.709999978542328 1.27999997138977 4.96999979019165 1.9799998998642 7.98999977111816 7.58999967575073 6.35999965667725 7.03999996185303
