Eglin_plot1.asc
NCOLS 100 
NROWS 100 
XLLCORNER 525310 
YLLCORNER 3377741.5 
CELLSIZE 0.5 
NODATA_value -3.4e+38 
[rows 25 to 49 of 100, columns 0 to 54 of 100]
5.96000003814697 6.40999984741211 6.28999996185303 6.25 4.71999979019165 2.8199999332428 0 0 0 0 0 0 0 0 0 4.34999990463257 4.6100001335144 4.32999992370605 3.37999987602234 3.07999992370605 4.13000011444092 3.65999984741211 3.01999998092651 2.91999983787537 3.00999999046326 2.21000003814697 2.39999985694885 2.30999994277954 2.87999987602234 4.50999975204468 4.59999990463257 4.3899998664856 4.11999988555908 1.57999992370605 0 0 0 0.0499999970197678 0.259999990463257 4.67999982833862 10.3800001144409 11.0999994277954 11.8899993896484 12.7599992752075 13.75 14.0799999237061 14.0099992752075 13.6499996185303 13.75 13.6199998855591 13.2799997329712 12.3800001144409 11.4899997711182 0 0.0599999986588955
5.55999994277954 5.84999990463257 6.19999980926514 3.70999979972839 2.80999994277954 1.10000002384186 0 0 0 0 0 0 0 0 0.589999973773956 4.58999967575073 4.48999977111816 3.98000001907349 2.49000000953674 3.75999999046326 4.06999969482422 3.67999982833862 3.17999982833862 3.25999999046326 3.07999992370605 2.09999990463257 2.46000003814697 3.59999990463257 4.52999973297119 4.50999975204468 4.5 4.90000009536743 4.42999982833862 2.86999988555908 0 0 0 0 0.0799999982118607 0.00999999977648258 8.48999977111816 10.6399993896484 10.6799993515015 11.6099996566772 12.9099998474121 13.2199993133545 13.289999961853 13.75 12.8400001525879 12.6300001144409 12.8999996185303 13.0299997329712 11.960000038147 11.4099998474121 10.7600002288818
5.25 5.28999996185303 5.85999965667725 3.11999988555908 0.449999988079071 0 0 0 0 0 0 0 0 0 2.46000003814697 4.52999973297119 4.53999996185303 4.53999996185303 3.60999989509583 3.16999983787537 3.8899998664856 3.85999989509583 3.55999994277954 3.29999995231628 3.19999980926514 2.96000003814697 3.66999983787537 3.64999985694885 3.30999994277954 3.82999992370605 4.81999969482422 4.84999990463257 3.02999997138977 2.60999989509583 0 0 0.0199999995529652 0 0.00999999977648258 0 0.659999966621399 9.30999946594238 10.2799997329712 10.1499996185303 10.9699993133545 12.2699995040894 12.9099998474121 12.1300001144409 12.1099996566772 12.5199995040894 12.5599994659424 10.039999961853 9.26999950408936 10.9200000762939 10.2799997329712
5.86999988555908 5.27999973297119 5.57999992370605 4.59999990463257 0 0 0 0 0 0 0 0 0 0 0 4.48000001907349 4.48999977111816 3.23000001907349 4.08999967575073 4.00999975204468 3.22000002861023 2.50999999046326 2.49000000953674 0.649999976158142 1.78999996185303 2.57999992370605 3.44999980926514 3.83999991416931 3.79999995231628 3.32999992370605 3.26999998092651 2.95000004768372 2.84999990463257 2.41999983787537 2.30999994277954 1 1.0699999332428 0.0399999991059303 0 0 0 8.5 9.39999961853027 9.76999950408936 10.9799995422363 11.2599992752075 11.5099992752075 11.5999994277954 11.3199996948242 11.9699993133545 11.5099992752075 8.77999973297119 6.98000001907349 8.72999954223633 10.1899995803833
6.23000001907349 5.65999984741211 5.54999971389771 3.27999997138977 0.439999997615814 0 0 0 0 0 0 0 0 0 0 0 0.849999964237213 0 0 0.409999996423721 2.24000000953674 1.76999998092651 0 0 0 2.73000001907349 3.04999995231628 3.00999999046326 0.00999999977648258 0.0399999991059303 2.78999996185303 2.97000002861023 2.59999990463257 2.21000003814697 2.14999985694885 2.21000003814697 0.459999978542328 0 0.170000001788139 0.189999997615814 0.0399999991059303 0.0399999991059303 8.46000003814697 8.76000022888184 9.06999969482422 9.17999935150146 10.0100002288818 6.36999988555908 0 0 0 10.6700000762939 9.80999946594238 9.84999942779541 10.6899995803833
6.37999963760376 5.51999998092651 5.55999994277954 1.19999992847443 0 0.25 0 0 0 0 0 0 0 0 0 1 0.459999978542328 0 0 0.680000007152557 2.78999996185303 1.0699999332428 0 0 0 0.569999992847443 2.34999990463257 2.69000005722046 0 0 0 1.59999990463257 1.17999994754791 2.48000001907349 2.3899998664856 0.419999986886978 0.0199999995529652 0.00999999977648258 0.269999980926514 0.680000007152557 0.28999999165535 0 2.95000004768372 0.669999957084656 0.550000011920929 0.819999992847443 0.329999983310699 0.949999988079071 0.669999957084656 0 0 0 9.6899995803833 10.1399993896484 10.7600002288818
6.42999982833862 5.71000003814697 5.73999977111816 5.6399998664856 0 1.55999994277954 5.96999979019165 0.459999978542328 0 0 0 0 0 0 0 0 0 0 0 0 1.12999999523163 0.639999985694885 0 0 1.66999995708466 2.77999997138977 2.55999994277954 2.77999997138977 0 0 0 0.560000002384186 0 1.62000000476837 2.40999984741211 1.33999991416931 0.109999999403954 0.00999999977648258 0.319999992847443 0.239999994635582 0.219999998807907 0.329999983310699 0.280000001192093 0.00999999977648258 0.310000002384186 1.12000000476837 0.269999980926514 1.24000000953674 0.919999957084656 0.449999988079071 0.239999994635582 0.550000011920929 8.53999996185303 9.22000026702881 11.3400001525879
6.15999984741211 6.36999988555908 6.21000003814697 6.1399998664856 6.40999984741211 6.33999967575073 5.92000007629395 1.78999996185303 0 0 0 0 0 0 3.34999990463257 1.73000001907349 0 0 0 0 0 0.219999998807907 0 0 1.02999997138977 2.8199999332428 2.78999996185303 2.12999987602234 0 0 0 0 0 0.599999964237213 1.82999992370605 0.620000004768372 0.0499999970197678 0 0 0.0199999995529652 0.269999980926514 0.389999985694885 0.00999999977648258 0 0.0700000002980232 0.589999973773956 0 0.649999976158142 0.969999969005585 1.26999998092651 0.0700000002980232 8.35999965667725 8.85999965667725 10.8400001525879 11.9099998474121
6.12999963760376 6.25 6.32999992370605 6.31999969482422 6.48000001907349 6.30999994277954 6.15999984741211 5.94000005722046 5.13000011444092 0.0599999986588955 0 0 2.67999982833862 3 3.37999987602234 3.21000003814697 0.789999961853027 0.769999980926514 0 0.119999997317791 0.370000004768372 1.00999999046326 0.5 0 0 0.280000001192093 0.109999999403954 0 0 0 0 0 0.449999988079071 2.76999998092651 1.38999998569489 1.14999997615814 2.61999988555908 0.0700000002980232 0.0599999986588955 0.340000003576279 0.399999976158142 0.409999996423721 0.229999989271164 0.299999982118607 0.359999984502792 0.179999992251396 0.899999976158142 0.610000014305115 3.25999999046326 5.65000009536743 8.42999935150146 9.19999980926514 10.1599998474121 10.6799993515015 11.9699993133545
6.15999984741211 6.15999984741211 6.17000007629395 6.32999992370605 6.40999984741211 6.21000003814697 6.11999988555908 6.00999975204468 5.75999975204468 4.01999998092651 3.47000002861023 3.00999999046326 2.59999990463257 2.76999998092651 3.57999992370605 3.42999982833862 3.10999989509583 1.25999999046326 0 0.0700000002980232 0.669999957084656 1 1.43999993801117 0 0 0 0 0 0 0 0 0.00999999977648258 0.299999982118607 5.21999979019165 4.67000007629395 5.79999971389771 4.92000007629395 0.409999996423721 0 0 0.429999977350235 0.359999984502792 0.199999988079071 0.179999992251396 0.189999997615814 0.219999998807907 2.53999996185303 2.27999997138977 4.36999988555908 8.01000022888184 8.32999992370605 10.2699995040894 10.8800001144409 11.3599996566772 10.6300001144409
5.98999977111816 4.44999980926514 6.00999975204468 6.11999988555908 6.21999979019165 5.92000007629395 6 5.98000001907349 6.21000003814697 6.06999969482422 2.91999983787537 2.41999983787537 2.55999994277954 2.54999995231628 4.00999975204468 3.70999979972839 3.58999991416931 2.41999983787537 0.00999999977648258 0.0899999961256981 0.179999992251396 0.429999977350235 0.329999983310699 1.53999996185303 0 0.0199999995529652 0 0 0 0 0 0.0999999940395355 8.69999980926514 8.63999938964844 8.03999996185303 8.42000007629395 8.59000015258789 5.96000003814697 0.140000000596046 0.149999991059303 0.140000000596046 0 0.189999997615814 0.299999982118607 0.219999998807907 0.409999996423721 1 1.94999992847443 5.15000009536743 7.83999967575073 8.38000011444092 10.8599996566772 10.8299999237061 11.75 11.789999961853
3.75 4.23000001907349 4.52999973297119 5.73999977111816 5.94000005722046 5.86999988555908 5.81999969482422 5.79999971389771 6 5.96000003814697 3.3899998664856 2.60999989509583 2.42999982833862 3.23000001907349 4.02999973297119 3.32999992370605 3.23000001907349 4.19000005722046 1.75999999046326 0.620000004768372 0.25 0 0.0499999970197678 0 0 0.129999995231628 0.209999993443489 0 0 0 0 6.23999977111816 8.44999980926514 8.55000019073486 8.92000007629395 9.88999938964844 8.60999965667725 10.0699996948242 3.74000000953674 0 0 0 0.199999988079071 0.389999985694885 0.170000001788139 0.129999995231628 0.639999985694885 0 0 8.22999954223633 8.13999938964844 10.6700000762939 10.9799995422363 11.8999996185303 12.1399993896484
5.69000005722046 5.56999969482422 5.44999980926514 5.46999979019165 5.69000005722046 5.96000003814697 5.71999979019165 5.67999982833862 5.46000003814697 5.25999975204468 4.27999973297119 3.82999992370605 3.91999983787537 4.52999973297119 4.23000001907349 4.11999988555908 3.5699999332428 3.1399998664856 3.8899998664856 3.04999995231628 0.0799999982118607 0 0 0 0 0.0799999982118607 0.0499999970197678 0 0 0.959999978542328 3.5699999332428 0 2.96000003814697 8.80000019073486 10.2399997711182 10.8000001907349 10.789999961853 10.9200000762939 10.2600002288818 2.57999992370605 0 0 0 0.199999988079071 0.259999990463257 0.0299999993294477 0 0 0 0 8.13000011444092 10.8400001525879 11.2699995040894 11.1399993896484 11.6700000762939
4.63000011444092 4.90000009536743 5.25999975204468 5.60999965667725 5.67000007629395 6.04999971389771 6.25 6.06999969482422 5.58999967575073 3.42999982833862 2.61999988555908 0.259999990463257 0 1.54999995231628 4.58999967575073 5.09999990463257 6.1399998664856 6.90999984741211 7.51999998092651 7.40999984741211 2.40999984741211 0 0 0.0499999970197678 0.409999996423721 0.0299999993294477 0.0700000002980232 0 0 1.12999999523163 2.14999985694885 0.439999997615814 0.0599999986588955 9.97999954223633 10.0599994659424 10.5799999237061 11.75 11.3800001144409 10.8099994659424 6.80999994277954 4.01999998092651 6.28999996185303 1.55999994277954 0 0 0 0 0 0 0 0 10.6599998474121 10.8000001907349 10.9299993515015 11.3099994659424
3.39999985694885 3.94999980926514 4.38000011444092 5.25 5.67999982833862 5.92000007629395 6.10999965667725 5.90000009536743 5.36999988555908 0.629999995231628 0 0 0 0 0 0 7.26999998092651 8.89999961853027 9.19999980926514 7.40999984741211 5.90999984741211 0 0 0 3.58999991416931 2.16999983787537 0 1.9099999666214 3.64999985694885 2.27999997138977 0.949999988079071 0.0499999970197678 0.399999976158142 9.76000022888184 10.3299999237061 11.3899993896484 11.5900001525879 11.5799999237061 10.5500001907349 5.59999990463257 5.85999965667725 6.39999961853027 6.11999988555908 1.5699999332428 0 0 0 0 0 0 0 0 0 0 9.46999931335449
2.27999997138977 2.85999989509583 3.41999983787537 4.31999969482422 4.94000005722046 4.98000001907349 5.17999982833862 5 1.46999990940094 0 0 0 0 0 0.00999999977648258 1.01999998092651 9.25 11.4200000762939 11.0299997329712 11.1999998092651 11.3400001525879 1.01999998092651 0 0.0799999982118607 3.28999996185303 3.86999988555908 3.12999987602234 3.98000001907349 3.03999996185303 0 0.379999995231628 0.819999992847443 0.199999988079071 9.51999950408936 10 11.0100002288818 11.6499996185303 11.0100002288818 10.3099994659424 8.39999961853027 5.05999994277954 6.01999998092651 6.23000001907349 2.12999987602234 0 0 0 0 0 0 0 0 0.0299999993294477 3.29999995231628 8.88000011444092
3 2.42999982833862 3.18999981880188 4.25999975204468 4.15000009536743 3.94999980926514 0.389999985694885 0.810000002384186 0 0 0 0 0 0 0 5.98000001907349 11.4699993133545 12.2299995422363 12.7399997711182 12.3699998855591 12.7299995422363 11.5900001525879 8.47999954223633 5.58999967575073 2.62999987602234 2.90999984741211 3.5699999332428 2.70000004768372 2.07999992370605 0.129999995231628 0.799999952316284 0.140000000596046 1.51999998092651 8.96000003814697 9.48999977111816 9.96999931335449 10.4099998474121 10.2699995040894 8.92000007629395 9.13000011444092 7.61999988555908 6.44999980926514 6.62999963760376 6.21000003814697 0 0 0 0 0 0 0 0 0 2.41999983787537 8.72999954223633
2.55999994277954 0.459999978542328 0 0 0 0 0 0 0 0 0 0 0 0 0 9.71999931335449 11.9899997711182 13.0299997329712 13.7799997329712 13.25 13.1399993896484 12.1300001144409 9.01000022888184 8.56999969482422 8.76999950408936 4.69999980926514 3.02999997138977 2.46000003814697 0 0.109999999403954 0.399999976158142 0 6.42999982833862 7.46999979019165 8.80999946594238 8.17999935150146 10.1700000762939 10.4399995803833 9.14999961853027 7.44000005722046 6.23999977111816 6.67999982833862 6.44999980926514 0 0 0 0 0 0 0 0 0 0 2.0699999332428 8.48999977111816
2.28999996185303 0.889999985694885 0.299999982118607 0 0 0 0 0 0 0 0 0 0 0.560000002384186 1.05999994277954 11.3099994659424 12.4699993133545 13.1799993515015 13.5 13.960000038147 13.7399997711182 12.1700000762939 11.3299999237061 9.39999961853027 8.05999946594238 6.35999965667725 1.41999995708466 0.75 0 0 0 0 0 0 6.1399998664856 8.59000015258789 8.84999942779541 8.61999988555908 7.65999984741211 6.53999996185303 5.69999980926514 5.59999990463257 5.48999977111816 0 0 0 0 0.0299999993294477 0.159999996423721 0 0 0 0 0 0.919999957084656
1.9799998998642 1.43999993801117 0.519999980926514 0 0 0 0 0 0 0 0.769999980926514 1.58999991416931 1.42999994754791 0.870000004768372 0.799999952316284 11.4299993515015 12.1799993515015 13.7599992752075 13.8800001144409 14.0499992370605 13.8499994277954 13.5799999237061 13.0099992752075 10.8599996566772 8.09000015258789 0 0 0 0 0 0 0.140000000596046 0.239999994635582 0 0 2.28999996185303 0 0 0 5.08999967575073 4.58999967575073 4.54999971389771 0 0 0 0 0 0.0599999986588955 0.0700000002980232 0 0 0.0999999940395355 0.409999996423721 0 0
0.979999959468842 0 0 0 0 0 0 0 0 0 3.29999995231628 2.84999990463257 3.01999998092651 6.84999990463257 8.26999950408936 11.3400001525879 10.9099998474121 13.2699995040894 13.9799995422363 14.1599998474121 14.039999961853 13.4799995422363 13.3400001525879 12.0299997329712 8.28999996185303 0 0 0 0 0 0 0.219999998807907 0.799999952316284 0.85999995470047 0.159999996423721 0 0 0 0 0.129999995231628 1.59999990463257 1.36000001430511 0.179999992251396 0 0 0 0 0.25 0 0.319999992847443 0.379999995231628 0.599999964237213 0.5 0 0
0 0 0 3.09999990463257 0 0 0 0 0 3.60999989509583 3.07999992370605 2.74000000953674 2.57999992370605 6.59999990463257 10.210000038147 11.0900001525879 12.1799993515015 13.0599994659424 13.5 13.960000038147 13.9099998474121 12.9899997711182 12.8199996948242 11.8599996566772 8.34000015258789 0 0 0.0799999982118607 0 0.310000002384186 1.00999999046326 0.649999976158142 0.879999995231628 0.550000011920929 0 0 0 0 0 0 0.170000001788139 0.209999993443489 0 0 0 0 0.0799999982118607 1.17999994754791 0.509999990463257 0.25 0.759999990463257 0.239999994635582 0.119999997317791 0 0
2.30999994277954 4.82999992370605 13.7699995040894 13.0699996948242 12.2399997711182 12.1899995803833 7.19999980926514 0 0 1.12999999523163 0 0 0.229999989271164 5.54999971389771 10.1700000762939 10.460000038147 11.1899995803833 13.2399997711182 13.2599992752075 13.3599996566772 12.7199993133545 12.3199996948242 12.4899997711182 10.8499994277954 8.86999988555908 0 0.28999999165535 2.53999996185303 4.51999998092651 4.65999984741211 2.71000003814697 2.19000005722046 0.649999976158142 0 0 0 0 0 0 0 0.119999997317791 0.109999999403954 0 0.550000011920929 0.109999999403954 0 0 0.0999999940395355 0 0 0.179999992251396 0.239999994635582 0.109999999403954 0.0899999961256981 0
13.0499992370605 13.539999961853 13.8899993896484 13.7699995040894 12.7399997711182 11.8499994277954 10.210000038147 0 0 7.5 0 0.140000000596046 0 0 8.59000015258789 10.1300001144409 10.5100002288818 11.1999998092651 12.0099992752075 12.2299995422363 11.8800001144409 11.25 11.7699995040894 11.2199993133545 6.77999973297119 4.13000011444092 1.99000000953674 3.60999989509583 4.40999984741211 3.98000001907349 3.84999990463257 2.22000002861023 0.239999994635582 0 0 0 0 0 0 0 0 0.0299999993294477 0.229999989271164 0.0999999940395355 0 0 0 0.340000003576279 0 0 0.0399999991059303 0 0 0.0999999940395355 0.349999994039536
13.6499996185303 13.2199993133545 14.6700000762939 13.8299999237061 13.9099998474121 12.7599992752075 10.8999996185303 11.1799993515015 10.6599998474121 9.94999980926514 2.99000000953674 0.0599999986588955 0 0 8.44999980926514 8.64999961853027 10.1599998474121 10.5699996948242 10.8800001144409 10.960000038147 10.5999994277954 10.6300001144409 10.3999996185303 10.4799995422363 2.79999995231628 2.99000000953674 2.76999998092651 2.86999988555908 3.40999984741211 2.69000005722046 2.87999987602234 1.83999991416931 0.969999969005585 0 0 0 0 0 0 0 0 0.229999989271164 0.170000001788139 0 0 0 0 0 0 0 0.0399999991059303 0 0 0.129999995231628 0.0299999993294477
