Eglin_plot02.asc
ncols 62
nrows 62
xllcorner 525916.0000
yllcorner 3377899.0000
cellsize 1.0000
nodata_value -9999.000000
[rows 0 to 31 of 62, columns 0 to 61 of 62]
-9999.0000 -9999.0000 -9999.0000 -9999.0000 -9999.0000 -9999.0000 -9999.0000 -9999.0000 -9999.0000 -9999.0000 -9999.0000 -9999.0000 -9999.0000 -9999.0000 -9999.0000 -9999.0000 -9999.0000 -9999.0000 -9999.0000 -9999.0000 -9999.0000 -9999.0000 -9999.0000 -9999.0000 -9999.0000 -9999.0000 -9999.0000 -9999.0000 -9999.0000 -9999.0000 -9999.0000 -9999.0000 -9999.0000 -9999.0000 -9999.0000 -9999.0000 -9999.0000 -9999.0000 -9999.0000 -9999.0000 -9999.0000 -9999.0000 -9999.0000 -9999.0000 -9999.0000 -9999.0000 -9999.0000 -9999.0000 -9999.0000 -9999.0000 -9999.0000 -9999.0000 -9999.0000 -9999.0000 -9999.0000 -9999.0000 -9999.0000 -9999.0000 -9999.0000 -9999.0000 -9999.0000 -9999.0000
-9999.0000 -9999.0000 -9999.0000 -9999.0000 -9999.0000 -9999.0000 -9999.0000 -9999.0000 -9999.0000 -9999.0000 -9999.0000 -9999.0000 -9999.0000 -9999.0000 -9999.0000 -9999.0000 -9999.0000 -9999.0000 -9999.0000 -9999.0000 -9999.0000 -9999.0000 -9999.0000 -9999.0000 0.0500 0.0500 0.2300 6.0500 6.4800 0.0300 0.0200 0.0900 0.1100 0.1400 0.7000 0.1200 0.1200 0.2300 0.1000 -9999.0000 -9999.0000 -9999.0000 -9999.0000 -9999.0000 -9999.0000 -9999.0000 -9999.0000 -9999.0000 -9999.0000 -9999.0000 -9999.0000 -9999.0000 -9999.0000 -9999.0000 -9999.0000 -9999.0000 -9999.0000 -9999.0000 -9999.0000 -9999.0000 -9999.0000 -9999.0000
-9999.0000 -9999.0000 -9999.0000 -9999.0000 -9999.0000 -9999.0000 -9999.0000 -9999.0000 -9999.0000 -9999.0000 -9999.0000 -9999.0000 -9999.0000 -9999.0000 -9999.0000 -9999.0000 -9999.0000 -9999.0000 -9999.0000 -9999.0000 0.0300 0.0900 3.8200 0.1100 0.3800 5.4400 5.5700 3.2600 0.0700 0.1500 0.0700 0.0500 0.1500 0.1100 0.1100 0.1800 0.0700 0.2000 0.1800 0.0700 0.0900 -9999.0000 -9999.0000 -9999.0000 -9999.0000 -9999.0000 -9999.0000 -9999.0000 -9999.0000 -9999.0000 -9999.0000 -9999.0000 -9999.0000 -9999.0000 -9999.0000 -9999.0000 -9999.0000 -9999.0000 -9999.0000 -9999.0000 -9999.0000 -9999.0000
-9999.0000 -9999.0000 -9999.0000 -9999.0000 -9999.0000 -9999.0000 -9999.0000 -9999.0000 -9999.0000 -9999.0000 -9999.0000 -9999.0000 -9999.0000 -9999.0000 -9999.0000 -9999.0000 -9999.0000 -9999.0000 -9999.0000 0.4400 0.5000 0.3400 4.4600 2.6100 0.1800 3.7300 5.9800 2.8100 0.0300 0.3400 0.2000 0.1000 0.2500 0.2300 0.0500 0.1500 0.1200 0.0700 0.0700 0.5400 0.5000 0.0300 7.3600 8.8000 -9999.0000 -9999.0000 -9999.0000 -9999.0000 -9999.0000 -9999.0000 -9999.0000 -9999.0000 -9999.0000 -9999.0000 -9999.0000 -9999.0000 -9999.0000 -9999.0000 -9999.0000 -9999.0000 -9999.0000 -9999.0000
-9999.0000 -9999.0000 -9999.0000 -9999.0000 -9999.0000 -9999.0000 -9999.0000 -9999.0000 -9999.0000 -9999.0000 -9999.0000 -9999.0000 -9999.0000 -9999.0000 -9999.0000 -9999.0000 0.3700 0.2800 0.1400 0.1800 0.4900 3.6500 4.5100 3.1300 0.4300 2.6700 0.4700 0.1500 0.1200 0.1700 0.1700 0.2000 0.4700 0.0500 0.0900 0.1700 0.3100 0.1200 0.1400 0.1800 6.3800 10.3100 12.0600 11.9800 10.8100 7.1500 -9999.0000 -9999.0000 -9999.0000 -9999.0000 -9999.0000 -9999.0000 -9999.0000 -9999.0000 -9999.0000 -9999.0000 -9999.0000 -9999.0000 -9999.0000 -9999.0000 -9999.0000 -9999.0000
-9999.0000 -9999.0000 -9999.0000 -9999.0000 -9999.0000 -9999.0000 -9999.0000 -9999.0000 -9999.0000 -9999.0000 -9999.0000 -9999.0000 -9999.0000 -9999.0000 0.0700 0.8500 0.8100 1.0700 1.0400 1.0700 0.2500 0.4900 1.2400 1.1500 0.6600 0.5600 0.7500 6.6500 6.9000 0.1500 0.1800 0.2300 0.1500 0.2300 0.5000 0.1000 4.7500 3.9500 0.4300 0.2500 0.0700 10.3400 12.8100 12.8100 11.4600 9.1400 0.1500 0.1800 -9999.0000 -9999.0000 -9999.0000 -9999.0000 -9999.0000 -9999.0000 -9999.0000 -9999.0000 -9999.0000 -9999.0000 -9999.0000 -9999.0000 -9999.0000 -9999.0000
-9999.0000 -9999.0000 -9999.0000 -9999.0000 -9999.0000 -9999.0000 -9999.0000 -9999.0000 -9999.0000 -9999.0000 -9999.0000 -9999.0000 -9999.0000 0.2300 0.6000 0.6400 0.4300 0.4300 1.2100 0.8900 0.4400 0.2800 0.4300 0.2800 0.1500 0.0700 0.1000 6.2300 6.8400 0.1400 0.1100 0.1500 0.2000 0.1100 0.2000 0.4600 0.6100 0.6600 0.3000 0.2800 0.2300 9.4200 11.3800 12.5200 10.5700 0.1500 0.1500 0.1000 0.2000 -9999.0000 -9999.0000 -9999.0000 -9999.0000 -9999.0000 -9999.0000 -9999.0000 -9999.0000 -9999.0000 -9999.0000 -9999.0000 -9999.0000 -9999.0000
-9999.0000 -9999.0000 -9999.0000 -9999.0000 -9999.0000 -9999.0000 -9999.0000 -9999.0000 -9999.0000 -9999.0000 -9999.0000 0.0000 0.2500 1.0200 0.8100 0.1000 0.1500 0.2300 0.0300 0.0300 1.3400 0.6800 0.8900 0.0500 0.0900 0.1000 0.6300 3.8000 0.1000 0.1400 0.4300 0.0500 0.0500 0.0300 0.3000 0.2000 0.1400 9.5900 9.2500 0.3100 0.1000 10.8800 10.8500 9.8400 0.7900 0.6900 0.6600 0.1500 0.1700 0.1000 -9999.0000 -9999.0000 -9999.0000 -9999.0000 -9999.0000 -9999.0000 -9999.0000 -9999.0000 -9999.0000 -9999.0000 -9999.0000 -9999.0000
-9999.0000 -9999.0000 -9999.0000 -9999.0000 -9999.0000 -9999.0000 -9999.0000 -9999.0000 -9999.0000 -9999.0000 0.0000 0.0500 0.0300 0.7200 0.1800 0.6300 1.4900 1.4500 0.0700 0.0500 1.9800 1.4000 0.5600 0.5600 0.5400 0.0500 5.0100 4.0500 0.1100 0.1400 0.3300 0.0500 0.0500 0.1100 0.1500 9.0600 9.0200 10.9000 10.9300 8.8600 8.8900 1.2800 1.1500 12.2200 12.1400 0.7500 0.3700 0.1500 0.1500 0.1500 0.1000 -9999.0000 -9999.0000 -9999.0000 -9999.0000 -9999.0000 -9999.0000 -9999.0000 -9999.0000 -9999.0000 -9999.0000 -9999.0000
-9999.0000 -9999.0000 -9999.0000 -9999.0000 -9999.0000 -9999.0000 -9999.0000 -9999.0000 -9999.0000 2.3100 3.2800 0.1500 0.1200 0.2500 0.3300 0.6300 1.1300 0.8100 0.0500 0.0300 0.0300 0.1800 0.1000 0.6000 0.2000 0.0900 4.6700 4.9400 0.2000 0.1100 0.0700 0.0700 0.0000 0.0900 0.4100 9.3900 9.4600 12.2200 11.6400 9.7100 10.3500 11.2300 12.7600 12.8900 11.9700 0.2300 0.2800 0.1800 0.2300 11.3200 8.3900 8.2700 -9999.0000 -9999.0000 -9999.0000 -9999.0000 -9999.0000 -9999.0000 -9999.0000 -9999.0000 -9999.0000 -9999.0000
-9999.0000 -9999.0000 -9999.0000 -9999.0000 -9999.0000 -9999.0000 -9999.0000 -9999.0000 1.7700 4.3200 4.1100 0.0300 0.0300 0.1000 0.3000 0.8100 0.7600 0.7300 0.0500 0.0500 0.0200 0.0500 0.2700 0.2800 0.1200 0.1100 0.2000 0.1700 0.1500 0.1000 0.0500 0.4600 0.4300 0.8000 0.6700 10.6000 11.9700 12.4200 12.4800 11.4300 11.2100 11.6500 12.7100 12.5900 12.0700 11.6800 11.6800 0.1500 0.1200 10.9700 11.5000 12.7600 12.1400 0.0100 -9999.0000 -9999.0000 -9999.0000 -9999.0000 -9999.0000 -9999.0000 -9999.0000 -9999.0000
-9999.0000 -9999.0000 -9999.0000 -9999.0000 -9999.0000 -9999.0000 -9999.0000 -9999.0000 0.0500 2.0500 2.0000 0.0500 0.1100 0.1000 0.1800 2.7400 1.0700 0.8600 5.8600 0.0300 0.0500 0.0100 0.0700 0.0900 0.2500 0.1000 0.2800 0.8600 0.8000 7.8800 0.3700 0.4000 0.4900 0.6800 0.6700 9.3100 12.1400 12.2600 11.7600 10.8800 11.8500 11.6400 12.7800 12.4200 12.1500 12.0200 0.1500 0.1400 0.0900 10.8500 12.4600 12.5600 12.0900 10.6000 -9999.0000 -9999.0000 -9999.0000 -9999.0000 -9999.0000 -9999.0000 -9999.0000 -9999.0000
-9999.0000 -9999.0000 -9999.0000 -9999.0000 -9999.0000 -9999.0000 0.0200 3.0900 0.0500 0.0900 0.0500 0.4100 0.0700 0.0500 0.1200 0.0500 0.0700 0.1400 5.9000 5.0500 0.0300 0.0200 0.0700 0.1500 0.0500 0.1200 10.6100 11.8100 11.8100 11.6800 10.6800 0.4700 0.3100 0.2100 0.4600 9.8900 10.9600 11.6500 10.6000 9.7700 12.4700 12.3800 11.0100 12.1800 12.1100 11.9000 0.1100 0.1500 0.2500 10.2700 12.8200 12.2700 12.1900 10.0100 10.4000 -9999.0000 -9999.0000 -9999.0000 -9999.0000 -9999.0000 -9999.0000 -9999.0000
-9999.0000 -9999.0000 -9999.0000 -9999.0000 -9999.0000 -9999.0000 0.0500 0.2100 0.0700 0.0100 0.0300 0.1700 0.1100 0.0900 0.0700 0.0200 1.2600 1.6600 4.2600 3.9100 0.1800 0.0200 0.0500 0.8700 0.6800 8.7300 11.6900 11.8100 13.1500 12.5100 11.1400 8.5300 10.3100 10.7800 10.8000 0.4300 9.4200 10.0200 10.0600 11.6800 12.3900 12.3100 11.0200 11.0000 10.9200 0.1400 0.1500 0.1800 8.9600 10.9400 11.8900 12.4300 11.3100 11.4800 10.4700 0.0500 -9999.0000 -9999.0000 -9999.0000 -9999.0000 -9999.0000 -9999.0000
-9999.0000 -9999.0000 -9999.0000 -9999.0000 -9999.0000 0.4000 0.2000 0.0300 0.0500 0.0700 0.4000 1.0300 0.0700 0.0900 0.0700 0.0500 0.2100 1.3300 1.1700 0.9700 0.1800 0.0500 0.1000 0.2000 0.6200 8.5500 11.1400 13.3100 13.3900 13.3100 11.5200 11.5600 11.4700 11.6500 10.6300 0.1500 0.2100 0.1800 0.0700 10.3500 10.7200 11.1800 9.1800 0.0900 0.2000 0.1000 0.5200 0.6600 0.3400 11.5700 11.2800 11.0600 11.8600 11.6800 11.6400 0.0500 0.0500 -9999.0000 -9999.0000 -9999.0000 -9999.0000 -9999.0000
-9999.0000 -9999.0000 -9999.0000 -9999.0000 0.0100 0.0700 0.0500 0.0000 0.0200 0.0500 0.0500 0.4700 0.0300 0.0500 0.0700 0.1000 0.0700 0.0700 1.0300 1.3000 0.1500 0.1100 0.0700 0.0700 0.0200 8.3200 12.0000 13.0000 13.3100 13.5700 11.3500 11.5700 13.3500 13.8800 12.8100 11.5200 0.6800 0.5500 0.0700 0.0300 9.4400 9.3600 2.0500 1.5000 0.3700 0.2000 0.6300 0.6200 0.1400 0.6800 12.1100 11.9300 11.8100 11.6300 10.6800 0.0500 0.0200 -9999.0000 -9999.0000 -9999.0000 -9999.0000 -9999.0000
-9999.0000 -9999.0000 -9999.0000 -9999.0000 0.0000 0.0900 0.0500 0.0500 0.0700 0.0500 0.0900 0.0500 0.0700 0.0500 0.2500 0.0700 0.6700 0.0700 0.1000 8.8400 10.3900 10.5600 10.2700 0.3100 0.5100 10.3400 11.4600 12.6800 13.0900 12.7100 13.0700 12.5200 13.8900 13.7200 12.8500 11.5300 11.8400 0.2100 0.1500 0.6800 0.8200 0.8100 1.1900 0.0500 0.2800 0.4700 0.1400 0.3400 0.0700 9.6400 11.7700 11.4600 11.7300 11.7800 9.3500 0.1000 0.0700 0.0000 -9999.0000 -9999.0000 -9999.0000 -9999.0000
-9999.0000 -9999.0000 -9999.0000 0.0000 0.0200 0.0500 0.0300 0.0500 0.0700 0.0700 0.0700 0.1400 9.2200 7.6500 9.0900 7.0500 0.8000 0.5200 8.5300 11.3900 12.2800 12.2200 11.9400 0.0700 0.9900 0.2000 11.1100 10.4200 11.1900 12.2200 8.8900 12.9700 13.3900 13.5200 12.8100 11.6100 0.3400 0.2000 0.6200 0.5400 0.2500 0.7400 0.1400 0.1000 0.2000 0.8800 0.1700 0.1700 0.1700 0.2100 9.7600 10.1900 10.3600 10.4300 0.3000 0.0500 0.1000 0.0200 -9999.0000 -9999.0000 -9999.0000 -9999.0000
-9999.0000 -9999.0000 -9999.0000 0.0000 0.0700 0.1000 0.0000 0.0200 0.0300 0.0500 9.8900 10.6000 10.7500 10.6800 10.5200 9.2500 0.5100 0.5600 0.1500 11.3500 12.2600 12.7600 11.4300 10.3000 0.0700 0.6400 0.1700 10.6000 11.1800 8.5500 9.2300 13.2700 13.2300 13.1400 11.1900 11.0100 0.0500 0.8100 0.1000 0.5700 0.7500 0.1000 0.1000 0.3600 0.3000 0.1500 0.1500 0.1500 0.0700 2.5500 5.4800 7.8600 8.3900 0.6200 0.0700 0.0500 0.2000 0.1800 -9999.0000 -9999.0000 -9999.0000 -9999.0000
-9999.0000 -9999.0000 -9999.0000 6.1300 6.6500 0.1200 0.0700 0.5800 0.4700 1.0900 9.7500 11.5100 11.8500 11.5200 10.7200 9.1500 0.7900 0.0700 6.4400 10.2700 11.9200 12.3100 12.4300 10.2100 0.0700 0.0500 0.4000 0.1500 0.3700 0.1000 9.2700 11.2600 12.5300 11.8900 0.4100 0.0200 0.0500 0.1000 0.0900 0.3700 0.8100 0.4100 0.1500 0.0500 0.0500 0.0900 0.1200 0.1200 0.5400 6.5700 6.8000 5.9600 5.4000 0.3400 0.0500 1.9500 1.9700 0.4700 0.0100 -9999.0000 -9999.0000 -9999.0000
-9999.0000 -9999.0000 0.0000 6.4000 6.7100 5.9600 0.2500 0.2700 0.1200 0.0500 10.5100 11.0100 11.6900 11.8800 10.4600 10.0300 7.1500 0.0700 0.8000 9.4300 10.3500 10.6800 10.7600 0.0500 0.0100 0.0200 0.0300 0.1800 1.2300 0.8100 9.3600 11.4600 11.5000 11.5200 0.0500 0.0500 0.0700 0.1400 0.0500 0.0300 0.0700 0.0300 0.0500 0.0500 0.0200 0.1000 0.1800 0.2300 0.1200 4.9800 5.9000 5.7300 0.4100 0.3100 0.1000 0.0700 0.6400 0.4300 3.3600 -9999.0000 -9999.0000 -9999.0000
-9999.0000 -9999.0000 7.6700 7.4800 6.9600 5.8200 4.8600 5.5700 3.8900 1.9000 9.3200 10.6500 10.7600 10.6800 10.9300 10.0600 0.2300 0.0500 0.0700 0.5400 0.1500 10.6300 9.8900 0.0500 0.0500 0.0500 0.1800 0.0500 1.0000 1.0200 0.0500 8.8500 0.1000 0.0500 0.0900 0.0500 0.0500 0.0700 0.0100 0.0700 0.0500 0.0700 0.0900 0.0700 0.3400 0.2700 0.2700 0.2300 0.0500 0.7600 0.7700 0.2300 0.1000 0.4600 0.1100 0.0900 0.2000 4.7600 5.2300 5.1100 -9999.0000 -9999.0000
-9999.0000 0.0000 7.2800 7.3400 5.8400 5.6700 6.0100 5.9600 3.7500 1.3600 7.9800 10.1400 10.1400 10.1500 7.8400 0.0300 0.1000 0.0300 0.2700 0.2000 0.0700 0.0500 0.1400 0.0900 0.0700 0.0500 0.1000 0.0700 1.0300 0.8800 10.2100 8.9700 0.5200 1.3200 9.1800 9.3900 9.1100 9.8400 0.1100 0.0300 0.0200 0.0500 1.2400 2.6900 0.0500 0.2800 0.1100 0.1500 0.5600 0.6800 0.6600 0.1200 0.0200 0.5800 0.0700 0.0700 0.1800 4.7600 4.6700 4.1700 -9999.0000 -9999.0000
-9999.0000 0.0300 7.3400 7.3200 0.0700 5.1900 5.9200 6.0300 5.6100 0.1100 0.0500 0.0200 6.6300 7.4800 7.3800 0.9200 0.6600 0.2500 0.5600 0.4000 0.0900 0.0700 0.0500 0.2100 0.2100 0.2800 0.2700 10.1800 10.4000 10.8100 11.9300 12.3100 11.4700 1.0800 9.5300 9.7300 11.1400 11.3400 9.9700 0.1100 0.0500 0.0300 0.7200 2.8300 0.0500 0.0500 0.1200 0.1800 0.3300 0.6900 0.6400 3.2000 0.1500 0.1000 0.0100 0.0500 0.0500 4.0100 4.1100 4.0300 -9999.0000 -9999.0000
-9999.0000 7.0900 7.7600 7.7600 1.3300 4.1300 0.3700 0.1800 0.0700 0.0300 0.0200 2.9200 5.8800 5.8600 0.2500 0.1700 0.2800 0.3300 0.2500 0.1200 0.1000 0.0700 0.1400 0.4400 0.5000 0.0700 9.3600 9.7500 11.6000 12.3500 13.2200 13.2800 11.2100 0.1100 0.0500 9.3100 11.3200 11.5600 10.7700 10.2800 0.2700 0.1400 1.1400 2.9000 1.0100 0.0700 0.1100 0.2000 0.2800 1.3700 0.6200 4.0700 4.6500 5.7500 2.6000 0.0700 0.0700 0.2800 0.7500 5.5900 4.5300 -9999.0000
-9999.0000 5.7800 7.7600 7.6700 0.0500 0.8900 0.5200 5.6700 0.0200 2.3200 0.1000 2.9200 2.4700 0.0200 0.0500 0.0700 0.0300 0.0100 0.0500 0.1000 0.0900 0.4100 0.5000 0.5200 0.3800 0.1500 9.0300 9.7500 10.9300 12.1500 13.1100 13.0200 11.6100 8.0600 0.0700 9.3900 11.7200 11.5200 10.8600 8.3600 0.2700 0.1000 0.6300 0.6800 0.0500 0.5000 0.9700 0.1400 0.1800 0.1800 1.1200 3.0300 5.5700 6.0100 6.8600 4.2800 0.4000 0.5200 0.0900 6.0300 5.1900 -9999.0000
-9999.0000 0.0300 0.0700 0.0700 0.0700 0.4100 5.8600 6.1300 4.4200 3.2700 0.1400 0.1500 0.1700 0.0200 3.8000 1.6500 2.3100 1.9900 0.0500 0.0500 0.0100 0.2100 0.4000 0.3700 0.8100 0.1500 0.0500 9.6100 10.8200 11.0900 11.7200 11.8100 0.1000 0.1500 0.0700 10.5600 11.0200 11.2700 10.7700 7.6300 0.1100 0.2000 0.0900 0.3800 0.9100 0.4300 0.7600 0.3700 0.3300 0.4100 1.3700 0.1800 5.5500 5.7500 6.3600 4.3600 0.2800 0.5600 0.2500 5.4000 9.2700 -9999.0000
-9999.0000 0.6200 1.1000 0.2100 0.0700 3.7700 6.6500 6.5000 6.3400 3.2700 0.1100 0.1700 0.0700 0.0300 3.5800 5.0100 2.6800 1.7000 0.0900 0.0900 0.0500 0.4300 0.1100 0.2000 7.4000 7.4000 8.3600 8.4200 0.0700 8.9700 9.8000 10.4700 10.3100 0.0700 0.0700 0.0500 7.4800 0.0500 0.0300 0.0200 0.2000 0.1800 0.3700 0.2100 0.2300 0.1000 0.4000 0.0700 0.2800 0.1500 0.1500 0.5600 0.1000 0.3000 0.3000 0.4000 0.2100 0.2300 0.2300 8.3500 8.3100 -9999.0000
-9999.0000 8.5300 8.1800 0.9400 0.0700 3.9700 5.0100 6.4600 5.6900 1.6400 0.1100 0.0700 0.0500 6.6300 6.5000 4.0900 0.1000 0.7900 0.7500 1.1500 1.0400 0.4700 0.3400 0.1000 7.2500 10.3200 10.3500 9.6000 9.5200 0.0300 0.0500 0.0700 0.0300 0.0300 0.0900 0.1800 0.2800 0.0700 0.0300 0.0500 0.2800 0.8100 0.9900 1.2500 0.0900 0.0700 0.0900 0.1500 0.1100 0.2700 0.3300 0.4600 0.6800 0.0500 0.5000 0.9800 0.0700 0.1100 0.1700 4.5900 6.4800 -9999.0000
8.4800 11.5500 11.5900 11.5700 10.9700 6.4800 0.1100 3.8900 1.6400 0.2100 0.1000 0.0300 0.0000 7.3400 7.1500 6.3000 0.0300 0.0500 0.0900 0.5100 0.8800 0.0500 0.0500 0.1700 9.6000 10.1300 10.8500 10.6500 9.5200 0.0300 0.0500 0.0300 0.0500 0.0200 0.3700 0.4900 0.5100 0.3600 0.0700 0.1000 0.0200 0.8700 1.2500 0.3400 0.3400 0.0500 0.0700 0.3700 0.2800 0.4600 0.1400 0.3700 0.0900 0.0700 1.2700 0.5800 2.7100 3.5500 0.5600 0.0700 0.1400 -9999.0000
8.1100 11.8100 11.9700 11.6500 10.3500 10.0000 0.0900 0.0700 0.2000 0.3000 0.1000 0.0300 0.1800 7.1700 6.3200 5.4000 2.0600 0.4600 0.3300 0.4700 0.3600 0.1200 0.3100 0.3700 9.5700 10.6500 10.9300 10.6800 10.6500 0.0500 0.0300 0.4100 0.6800 0.0500 0.0300 0.2800 0.0200 0.0500 0.2000 0.1100 0.0300 0.1500 0.2700 0.2300 0.2800 0.6300 0.6800 0.1500 0.1200 0.2700 0.2000 0.2000 0.2700 0.1000 0.9500 0.9300 2.3500 2.2300 6.9800 0.0500 0.0300 -9999.0000
10.7700 11.5600 12.1800 11.8400 10.0900 9.7200 0.2500 0.7500 0.7500 0.9800 0.1100 0.0500 0.2000 1.1600 1.0900 2.7700 0.0200 0.0700 0.3000 0.3100 0.2500 0.2800 0.3300 0.3400 8.7500 9.5900 9.9300 11.4800 11.2600 9.3600 8.0700 8.0600 8.0000 7.9400 0.0500 0.0500 1.5300 0.0700 0.0700 0.0700 0.0700 1.2200 0.1800 0.0500 4.5100 0.6000 0.8100 0.6900 0.7200 0.1800 0.2300 0.1100 0.2500 0.1100 0.9700 7.3200 5.5500 6.7800 7.0300 6.2300 0.1500 -9999.0000
