Eglin_plot1.asc
NCOLS 100 
NROWS 100 
XLLCORNER 525310 
YLLCORNER 3377741.5 
CELLSIZE 0.5 
NODATA_value -3.4e+38 
[rows 75 to 99 of 100, columns 0 to 54 of 100]
0 0.479999989271164 3.91999983787537 5.42999982833862 4.1100001335144 0.789999961853027 0.0499999970197678 0 1.41999995708466 6.04999971389771 6.12999963760376 4.46999979019165 2.0699999332428 0.0999999940395355 0.00999999977648258 2.61999988555908 2.72000002861023 1.24000000953674 0 0.269999980926514 0.849999964237213 1.10000002384186 0.0499999970197678 0.0299999993294477 0 0.109999999403954 0 0 0.789999961853027 4.25 4.8899998664856 4.82999992370605 4.23999977111816 3.89999985694885 0 0 0 0 0 0 0 0 0 0 0 0 0.159999996423721 0.449999988079071 2.08999991416931 0.0599999986588955 0.0499999970197678 0.0399999991059303 0 2.72000002861023 0
0 0 5.07999992370605 5.52999973297119 5.17999982833862 0.740000009536743 0.0299999993294477 0.119999997317791 5.21000003814697 6.06999969482422 5.61999988555908 5.67000007629395 4.44999980926514 5.19999980926514 0.0799999982118607 0.00999999977648258 1.04999995231628 0 0 0 0.129999995231628 0.0399999991059303 0.00999999977648258 0.0499999970197678 0.620000004768372 0.25 0.0199999995529652 0.0399999991059303 0.0599999986588955 4.09999990463257 4.67000007629395 4.88000011444092 3.42999982833862 3.40999984741211 0 0 0 0 0 0 0 0.25 2.05999994277954 0 0 0 0.0399999991059303 0 0.239999994635582 0 0.00999999977648258 0.0199999995529652 0.0299999993294477 0.989999949932098 1.24000000953674
1.14999997615814 3.94999980926514 5.11999988555908 5.15999984741211 5.19999980926514 3.39999985694885 3.65999984741211 3.54999995231628 4.1399998664856 6.11999988555908 5.65999984741211 5.51999998092651 5.61999988555908 0 0 0.0199999995529652 0.0199999995529652 0.00999999977648258 0.00999999977648258 0 0 0.149999991059303 0.870000004768372 0 0 0.0299999993294477 0.0999999940395355 0.469999998807907 0.569999992847443 2.16999983787537 1.37999999523163 1.12999999523163 1.44999992847443 1.00999999046326 0 0 0 0 0 0 0 3.67999982833862 3.65999984741211 2.97000002861023 0.310000002384186 0 0.0299999993294477 0.00999999977648258 0.209999993443489 0.0399999991059303 0.0199999995529652 0 0.00999999977648258 1.55999994277954 3.55999994277954
2.22000002861023 3.00999999046326 4.23999977111816 4.06999969482422 3.36999988555908 0 0 0.0700000002980232 3.58999991416931 5.98999977111816 5.8899998664856 5.67999982833862 5.58999967575073 0.0700000002980232 0 0.00999999977648258 0.219999998807907 0.239999994635582 0.399999976158142 0.269999980926514 1.62999999523163 2.40999984741211 2.65999984741211 1.22000002861023 0 0.0499999970197678 0.0299999993294477 0.28999999165535 0.629999995231628 0.459999978542328 0 0 0 0 0 0 0 0 0 0 3.25 3.53999996185303 3.17999982833862 2.97000002861023 0 0.689999997615814 0.669999957084656 0.0899999961256981 0.0299999993294477 0.0399999991059303 0.0299999993294477 0 0 1.92999994754791 3.89999985694885
2.40999984741211 2.0699999332428 2.87999987602234 3.61999988555908 3.23000001907349 0 0 0 4.98000001907349 5.86999988555908 5.90000009536743 5.69000005722046 5.57999992370605 2.77999997138977 0 0.340000003576279 0.479999989271164 0.509999990463257 0.620000004768372 0.479999989271164 2.39999985694885 2.66999983787537 2.50999999046326 0 0.0700000002980232 0.00999999977648258 0.129999995231628 0.259999990463257 0.0499999970197678 0 0 0 0 0 0 0 0 0 0 0 4.54999971389771 4.65999984741211 4.15999984741211 1.84999990463257 0 0.159999996423721 1.23000001907349 0.0199999995529652 0.0499999970197678 0.0299999993294477 0 0.439999997615814 0 4.04999971389771 4.07999992370605
2.33999991416931 2.04999995231628 2.8199999332428 3.60999989509583 1.62999999523163 0 0 5.62999963760376 5.53999996185303 5.54999971389771 5.32999992370605 5.29999971389771 5.55999994277954 0.00999999977648258 0.00999999977648258 0 0.140000000596046 0.349999994039536 0.519999980926514 0.709999978542328 2.50999999046326 0.189999997615814 0 0.310000002384186 0.399999976158142 0.199999988079071 0.539999961853027 0 0 0 0 0 0 0 0 0 0 0 0 0.0999999940395355 4.3899998664856 4.23999977111816 4.28999996185303 0 0.699999988079071 0.159999996423721 0.159999996423721 0.0299999993294477 0 0 0 0 0.140000000596046 4.5 4.15999984741211
2.1800000667572 2.07999992370605 2.73000001907349 4.61999988555908 5.69000005722046 5.55999994277954 5.67999982833862 5.60999965667725 5.38000011444092 5.25 5.21000003814697 5.17999982833862 5.17999982833862 0 0.0199999995529652 0 0.0199999995529652 0.0399999991059303 0.0700000002980232 0.5 0.759999990463257 0.550000011920929 0.0299999993294477 0 0 0.170000001788139 0.819999992847443 0.239999994635582 0 0.0499999970197678 0.109999999403954 0 0 0 0 0 0 2.80999994277954 2.99000000953674 3.3199999332428 3.65999984741211 3.83999991416931 3.39999985694885 3.83999991416931 0.889999985694885 2.67999982833862 0.0599999986588955 0 0 0.419999986886978 0 0 5.01999998092651 4.73000001907349 4.26999998092651
0 2.33999991416931 3.53999996185303 4.21999979019165 4.78999996185303 5.3899998664856 5.71999979019165 5.48999977111816 5.54999971389771 5.77999973297119 5.27999973297119 5.32999992370605 4.96999979019165 2.44000005722046 0 0 0.00999999977648258 0.0399999991059303 0.0599999986588955 0 0.370000004768372 0.599999964237213 0 0 0 0 0.419999986886978 0 0.140000000596046 0.439999997615814 0.439999997615814 0 0 0 0 0.269999980926514 0.349999994039536 2.28999996185303 2.89999985694885 3.46000003814697 3.75 4.32999992370605 2.75999999046326 2.82999992370605 2.86999988555908 4.34999990463257 3.85999989509583 2.73000001907349 2.10999989509583 1.89999997615814 0 0.129999995231628 5.04999971389771 5.36999988555908 4.67999982833862
0 0 0.919999957084656 0.0999999940395355 0 0.979999959468842 5.40000009536743 5.84999990463257 6.07999992370605 5.76999998092651 5.34999990463257 4.55999994277954 4.79999971389771 4.33999967575073 0.0899999961256981 0.0799999982118607 0 0 0.0299999993294477 0.0199999995529652 0 0.28999999165535 0.370000004768372 0 0.329999983310699 0.439999997615814 1.05999994277954 0.810000002384186 1.00999999046326 0.899999976158142 0.209999993443489 0 0 0 0 0 0.28999999165535 2.45000004768372 3.07999992370605 3.48000001907349 3.97000002861023 4.53999996185303 2.26999998092651 3.3199999332428 4.71999979019165 4.90000009536743 3.61999988555908 2.34999990463257 1.70999991893768 1.52999997138977 0 0.370000004768372 5.06999969482422 5.35999965667725 5.46000003814697
0 0 0 0 0 0 2.55999994277954 6.06999969482422 6.05999994277954 6 4.75999975204468 4.26999998092651 4.42999982833862 4.50999975204468 0.629999995231628 0.0899999961256981 0.0399999991059303 0 0 0.25 0.879999995231628 1.5699999332428 0.919999957084656 0 0.259999990463257 0.879999995231628 0.299999982118607 1.03999996185303 1.46999990940094 1.0900000333786 1.33999991416931 0 0 0.0299999993294477 0 0 0 2.90999984741211 4.19000005722046 4.31999969482422 3.95999979972839 4.38000011444092 3.0699999332428 3.32999992370605 3.91999983787537 3.8199999332428 3.21000003814697 0.259999990463257 0 1.53999996185303 0 3.35999989509583 5.06999969482422 5.59999990463257 5.23000001907349
0 0 0.669999957084656 0.829999983310699 0 0 0 2.24000000953674 5.17999982833862 5.21000003814697 4 0.779999971389771 0.239999994635582 0.849999964237213 0.340000003576279 0 0 0 0 1.4099999666214 2.71000003814697 2.89999985694885 2.65999984741211 1.54999995231628 0 0 0 0.359999984502792 0.989999949932098 0.779999971389771 1.07999992370605 0 0.379999995231628 0.229999989271164 0.0599999986588955 0 0 4.04999971389771 4.65000009536743 4.56999969482422 4.02999973297119 3.75 0 2.10999989509583 3.75999999046326 3.42999982833862 1.76999998092651 0.0599999986588955 0 0.449999988079071 0.109999999403954 0 2.93999981880188 4.65999984741211 4.40999984741211
0 0 0.189999997615814 0.779999971389771 0.159999996423721 0.0399999991059303 0.0499999970197678 0 0.839999973773956 0 0.0399999991059303 0 0 0.189999997615814 0 0.0299999993294477 0 0.0599999986588955 0 2.23000001907349 1.17999994754791 0.899999976158142 1.75 0 0 0 0 0 1.13999998569489 1.19999992847443 0.819999992847443 0 0.889999985694885 0.299999982118607 0 0 2.10999989509583 0.709999978542328 4.54999971389771 4.75999975204468 4.65000009536743 0 0 1.67999994754791 3.61999988555908 1.12999999523163 0 0.409999996423721 0 0 0 0 0 0.639999985694885 3.41999983787537
0 0 0 0 0 0.0399999991059303 0.0199999995529652 0 0 0 0.109999999403954 0 0 0.00999999977648258 0 0.0399999991059303 0.0499999970197678 0.179999992251396 2.93999981880188 1.0900000333786 0 0.0399999991059303 0.359999984502792 0 0 0 0 0 0 0.129999995231628 0.610000014305115 2.3899998664856 2.45000004768372 0 0 0 0.189999997615814 0.459999978542328 0.519999980926514 4.71000003814697 0 0.189999997615814 0.239999994635582 0 0.0899999961256981 0 0 0.439999997615814 0 0 0 0 0 0 0
0 0 0 0 0 0 0 0 0 0 0 0 0.979999959468842 3.91999983787537 1.13999998569489 0 0.849999964237213 1.39999997615814 3.46000003814697 2.04999995231628 0.5 0.550000011920929 1.12999999523163 0 0 0 0 1.10000002384186 0 0.109999999403954 0.699999988079071 2.29999995231628 2.62999987602234 0.25 0 0 0.0299999993294477 0.149999991059303 4.36999988555908 0 0.159999996423721 0.259999990463257 0.419999986886978 0 0 0 0 0 0 0 0 0 0 0 0
0 0 0 0 0 0.0399999991059303 0.170000001788139 0.0999999940395355 0 0 0 0 1.62999999523163 4.8899998664856 4.6100001335144 0 0.879999995231628 2.90999984741211 3.46000003814697 2.28999996185303 0.149999991059303 0.0700000002980232 0 0 0 0 2.54999995231628 3.50999999046326 0.519999980926514 0.229999989271164 0.199999988079071 0.419999986886978 1.37999999523163 1.1599999666214 0.0599999986588955 0 0 3.94999980926514 4.31999969482422 3.08999991416931 0.610000014305115 0.439999997615814 0.610000014305115 0 0 0 0 0 0 0 0 0 0 0 0.789999961853027
0 0 0 0 0 0.159999996423721 0.109999999403954 0.0899999961256981 0 0 0 0 0 0 0.0199999995529652 0.0899999961256981 0.0399999991059303 1.32999992370605 2.96000003814697 3.5699999332428 0.109999999403954 0.930000007152557 1.50999999046326 0.0799999982118607 0 0.149999991059303 2.52999997138977 3.5699999332428 3.25999999046326 0.85999995470047 0.379999995231628 0.0599999986588955 0.0799999982118607 0.740000009536743 0.119999997317791 0.0199999995529652 0 0.799999952316284 3.89999985694885 3.44999980926514 1.37000000476837 0.849999964237213 0.0499999970197678 0 0 0 0 0 0 0 0 0 0 0 1.13999998569489
1.67999994754791 0.789999961853027 0.0399999991059303 0 0 0.429999977350235 0.280000001192093 0 0 0 0 0 0 0 0 0.259999990463257 0.140000000596046 0 2.46000003814697 3.04999995231628 0.489999979734421 2.41999983787537 3.37999987602234 0.639999985694885 0.519999980926514 1.76999998092651 1.64999997615814 3.60999989509583 4.06999969482422 0.529999971389771 0 0.280000001192093 0 0 0 0.159999996423721 0.0700000002980232 1.42999994754791 0.479999989271164 1.64999997615814 0.109999999403954 0 0 0 0.529999971389771 0 0 0 0 0 0 0 0 0 0.479999989271164
2.77999997138977 1.01999998092651 0 0.0999999940395355 0.299999982118607 0.389999985694885 0.340000003576279 0.0899999961256981 0.0899999961256981 0 0 0 0 0.129999995231628 0.649999976158142 0.680000007152557 0.159999996423721 0 2.1399998664856 2.5 3.42999982833862 4.29999971389771 3.67999982833862 1.87999999523163 0.469999998807907 0.179999992251396 0.310000002384186 0.659999966621399 3.3199999332428 0 0 0 0 0 0 0.0999999940395355 0.329999983310699 0 0.0299999993294477 0.0700000002980232 0 0 0 0.199999988079071 1.0900000333786 0 0 0 0 0 0 0 0 0 0
2.24000000953674 0.259999990463257 0 0 0 0.379999995231628 0.28999999165535 0 0.459999978542328 1.64999997615814 0 0 1.25 0.819999992847443 0.719999969005585 0.649999976158142 0.740000009536743 0.769999980926514 2.76999998092651 3.12999987602234 4.08999967575073 5.15999984741211 4.3899998664856 3.98000001907349 0 0 0 0 0 0 0 0.340000003576279 0.209999993443489 0 0 0 0 0 0 0.229999989271164 0.419999986886978 0 0 0.449999988079071 1.25999999046326 0 0 0 0 0 0 0 0 0 0
0 0 0 0 0.399999976158142 1.35000002384186 0.179999992251396 2.25999999046326 4.48000001907349 1.95999991893768 0 0 1.00999999046326 0 0 0 0.170000001788139 3.01999998092651 3.41999983787537 4.3899998664856 4.69999980926514 5.05999994277954 4.65000009536743 4.07999992370605 2.21000003814697 0 0 0 0 0.109999999403954 0 0.0999999940395355 0.219999998807907 0 0 0 0 0 0 0.740000009536743 0.0899999961256981 0.189999997615814 0 0.280000001192093 0 0 0 0 0 0 0 0 0 0 0
0 0 0 0 0.810000002384186 3.41999983787537 4.02999973297119 5.21999979019165 5.11999988555908 5.10999965667725 0 0 0.939999997615814 5.86999988555908 5.81999969482422 3.37999987602234 3.25999999046326 3.16999983787537 3.42999982833862 4.21000003814697 4.48999977111816 4.51999998092651 4.1399998664856 3.85999989509583 2.23000001907349 0 0 0 0 0 0.269999980926514 0 0 0 0 0.299999982118607 0 0 0 0.199999988079071 1.33999991416931 0.140000000596046 0 0 0 0 1.3199999332428 0 0 0 0 0 0 0 0
0 0 0 0 3.15999984741211 5.79999971389771 5.84999990463257 5.62999963760376 5.1399998664856 5.01999998092651 5.15999984741211 5.25 5.48999977111816 6.02999973297119 5.8899998664856 4.63000011444092 3.85999989509583 3.86999988555908 3.66999983787537 3.58999991416931 1.02999997138977 0 4.09999990463257 4.01999998092651 1.51999998092651 0 0 0 0 0 0 0 0 0 0 0 0.00999999977648258 0.829999983310699 0.909999966621399 0 0.159999996423721 0.529999971389771 1.0699999332428 0 0 3.8199999332428 4.11999988555908 0 0 0 0 0 0 0.479999989271164 0.389999985694885
0 0 0 0 4.23999977111816 5.81999969482422 5.86999988555908 5.90999984741211 5.3899998664856 5.21000003814697 5.19000005722046 5.19999980926514 5.04999971389771 5.76999998092651 5.44000005722046 3.79999995231628 3.40999984741211 1.04999995231628 0 0 0 0 0.299999982118607 1.74000000953674 0 0 0 0 0 0 0 0 0 0 0 0.0599999986588955 0.550000011920929 1.42999994754791 0 0 0 0.409999996423721 0 0 1.88999998569489 4.05999994277954 4.23000001907349 5.31999969482422 0 0 0 0 0.0999999940395355 0.639999985694885 1.25
0.229999989271164 0.179999992251396 0.119999997317791 0 5.29999971389771 5.65000009536743 5.38000011444092 5.69000005722046 5.61999988555908 5.3899998664856 3.34999990463257 3.78999996185303 4.61999988555908 4.88000011444092 5.31999969482422 2.30999994277954 0 0 0 0 0 0 0 0 0 0 0 0 0 0.199999988079071 0.489999979734421 0.109999999403954 0.0399999991059303 0 0 0 0.729999959468842 0 0 0 0 0 0 0.209999993443489 1.29999995231628 4.11999988555908 4.21000003814697 5.52999973297119 5.01999998092651 1.52999997138977 0 0 0.0899999961256981 0.0700000002980232 0.779999971389771
0 0.340000003576279 0.0999999940395355 5.36999988555908 5.29999971389771 5.21999979019165 5.55999994277954 6.00999975204468 6.11999988555908 4.33999967575073 3.57999992370605 4.02999973297119 2.29999995231628 0.00999999977648258 0.379999995231628 0.140000000596046 0 0 0 0 0 0 0 0 0 0 0 0 0 0.379999995231628 1.0699999332428 1.0900000333786 2.26999998092651 0 0 0 0 0 0 0 0 0 0 0 0 0.610000014305115 4.19000005722046 5.36999988555908 5.31999969482422 2.76999998092651 0 0 0.0799999982118607 0.839999973773956 0.75
