Eglin_plot1.asc
NCOLS 100 
NROWS 100 
XLLCORNER 525310 
YLLCORNER 3377741.5 
CELLSIZE 0.5 
NODATA_value -3.4e+38 
[rows 0 to 24 of 100, columns 0 to 54 of 100]
5.210000038146970 4.73999977111816 4.04999971389771 4.52999973297119 4.80999994277954 4.69000005722046 4.67000007629395 0.00999999977648258 0 4 4.07999992370605 5.21999979019165 4.06999969482422 0.579999983310699 0.0399999991059303 0 0 0 1.48000001907349 5.21000003814697 5.26999998092651 3.94999980926514 4.03999996185303 4.13000011444092 3.86999988555908 3.57999992370605 3.50999999046326 3.57999992370605 3.82999992370605 3.62999987602234 2.6399998664856 3.59999990463257 5.76999998092651 5.40999984741211 5.90000009536743 5.62999963760376 6.27999973297119 6.52999973297119 6.35999965667725 5.90999984741211 5.90999984741211 5.44999980926514 5.23999977111816 5.46999979019165 3.79999995231628 3.04999995231628 3.15999984741211 3.32999992370605 1.42999994754791 0 0 0.0199999995529652 0.0499999970197678 0.310000002384186 0
4.69000005722046 4.34999990463257 3.29999995231628 3.60999989509583 4.69999980926514 4.98000001907349 4.32999992370605 4.29999971389771 4.17000007629395 3.79999995231628 3.77999997138977 5.19000005722046 3.73000001907349 1.0699999332428 0.680000007152557 0 0 0 0 4.80999994277954 4.67999982833862 4.54999971389771 4.11999988555908 3.89999985694885 0.0799999982118607 0.0399999991059303 0 3.21000003814697 2.82999992370605 0.560000002384186 0.0299999993294477 3.6399998664856 4.8899998664856 5.46000003814697 5.52999973297119 5.40000009536743 5.92999982833862 6.1399998664856 6.15999984741211 5.73000001907349 5.44999980926514 5.13000011444092 5.25999975204468 5.44999980926514 3.44999980926514 3.12999987602234 3.27999997138977 2.52999997138977 0 0 0 0.0299999993294477 4.53999996185303 2.84999990463257 0
4.48999977111816 3.90999984741211 3.10999989509583 3 4.21999979019165 5.04999971389771 4.92000007629395 4.26999998092651 4.04999971389771 3.94999980926514 3.8199999332428 5.15999984741211 4.6100001335144 4.67000007629395 2.5699999332428 0 0 0 0 1.73000001907349 4.6399998664856 4.44000005722046 4.05999994277954 3.8199999332428 0.0599999986588955 0.0199999995529652 0 1.23000001907349 0.00999999977648258 0 0.0199999995529652 0 2.45000004768372 5.38000011444092 5.6399998664856 5.55999994277954 5.76999998092651 5.86999988555908 5.73999977111816 5.58999967575073 5.42000007629395 5.42000007629395 6.02999973297119 5.60999965667725 4.75 3.58999991416931 3.24000000953674 1.3199999332428 0.00999999977648258 0 0 1.75 4.57999992370605 3.93999981880188 2.93999981880188
0 3.65999984741211 2.87999987602234 4.36999988555908 4.3899998664856 4.54999971389771 4.56999969482422 4.33999967575073 4.73000001907349 4.6100001335144 5.17999982833862 5.13000011444092 4.81999969482422 4.73000001907349 1.22000002861023 0.170000001788139 0.0700000002980232 0 0 0 0.839999973773956 2.11999988555908 3.69999980926514 1.49000000953674 0.0199999995529652 0.0399999991059303 0.0399999991059303 0 0 0 0 0 0 4.05999994277954 4.96999979019165 5.30999994277954 5.48000001907349 5.65000009536743 5.52999973297119 5.27999973297119 5.35999965667725 5.82999992370605 6.27999973297119 6.61999988555908 5.92999982833862 4.23999977111816 3.29999995231628 0.0299999993294477 0 0.0199999995529652 0 3.70999979972839 4.00999975204468 2.74000000953674 4
0 3.47000002861023 3.47000002861023 3.6399998664856 3.74000000953674 3.53999996185303 4.19999980926514 4.79999971389771 5.23000001907349 5.28999996185303 5.17999982833862 5.03999996185303 4.77999973297119 3.33999991416931 0.669999957084656 0.519999980926514 0.119999997317791 0 0 0 0 0 0 0 0.00999999977648258 0.0799999982118607 0 0.0399999991059303 0 0 0 0 0 0.799999952316284 4.73999977111816 4.8899998664856 5.58999967575073 5.57999992370605 5.42000007629395 5.26999998092651 5.08999967575073 5.75999975204468 6.92999982833862 6.80999994277954 6.80999994277954 3.89999985694885 3.3899998664856 0.0199999995529652 0.979999959468842 6.69999980926514 4.75999975204468 3.0699999332428 2.57999992370605 4.33999967575073 5.31999969482422
0 3.3899998664856 3.17999982833862 2.51999998092651 3.62999987602234 0.839999973773956 4.1399998664856 5.02999973297119 5.40000009536743 5.34999990463257 5.17999982833862 4.79999971389771 4.65999984741211 2.23000001907349 0.310000002384186 0.979999959468842 0.0799999982118607 0 0 0 1.30999994277954 0 0.0999999940395355 0.219999998807907 0.119999997317791 0.340000003576279 0.239999994635582 0.179999992251396 0 0 0 0 0 0 0.669999957084656 0.0599999986588955 1.83999991416931 4.90000009536743 4.63000011444092 4.57999992370605 4.57999992370605 5.29999971389771 6.61999988555908 7.04999971389771 6.02999973297119 5.73999977111816 6.04999971389771 6.35999965667725 6.56999969482422 7.10999965667725 7.1399998664856 5.46000003814697 6.08999967575073 5.35999965667725 5.48000001907349
3.40999984741211 3.28999996185303 3.15999984741211 3.25 3.42999982833862 0 0 2.36999988555908 5.19999980926514 5.19000005722046 5.06999969482422 4.75 4.61999988555908 0 0.0799999982118607 0.469999998807907 0 0 0 0.569999992847443 1 0.00999999977648258 0.0499999970197678 0.0700000002980232 0.0700000002980232 0.340000003576279 0.439999997615814 0.159999996423721 0.189999997615814 0.109999999403954 1.93999993801117 0.689999997615814 0 0 0 0.0299999993294477 0.0199999995529652 3.93999981880188 3.73000001907349 3.6399998664856 4.44999980926514 5.83999967575073 6.03999996185303 6.82999992370605 6.83999967575073 6.19999980926514 6.01999998092651 6.36999988555908 6.77999973297119 7.31999969482422 7.35999965667725 6.42000007629395 6.33999967575073 5.19999980926514 5.3899998664856
1.66999995708466 3.73000001907349 3.85999989509583 3.47000002861023 2.85999989509583 1.62999999523163 0.870000004768372 4.52999973297119 4.94000005722046 5.08999967575073 5.07999992370605 5.26999998092651 4.54999971389771 0 0 0.129999995231628 0 0 0.509999990463257 1.52999997138977 1.11000001430511 0.219999998807907 0 0 0.0199999995529652 0.170000001788139 0.219999998807907 3.80999994277954 3.83999991416931 4 3.58999991416931 1.49000000953674 0 0 0 0 1.61000001430511 3.03999996185303 2.96000003814697 2.84999990463257 3.97000002861023 5.50999975204468 5.67000007629395 6.1399998664856 6.37999963760376 3.93999981880188 0 2.44000005722046 6.84999990463257 7.33999967575073 6.98999977111816 7.06999969482422 5.98000001907349 5.23000001907349 5.15000009536743
0 0 4.31999969482422 4.1399998664856 3.22000002861023 3.17999982833862 3.28999996185303 3.95999979972839 4.44000005722046 4.98999977111816 4.96000003814697 1.9099999666214 0.529999971389771 0 0 0 0.659999966621399 0 0 0.179999992251396 0.669999957084656 0.140000000596046 0 0 0 0.0799999982118607 0.119999997317791 0.0199999995529652 3.77999997138977 3.99000000953674 3.70999979972839 1.42999994754791 0 0 0 0 1.04999995231628 2.99000000953674 3.15999984741211 2.91999983787537 2.79999995231628 4.79999971389771 5.94000005722046 5.96999979019165 1.69999992847443 0 0 0 6.84999990463257 7.1399998664856 6.81999969482422 6.53999996185303 6.94999980926514 3.90999984741211 5.32999992370605
0 0 3.89999985694885 4.28999996185303 3.98000001907349 3.74000000953674 3.74000000953674 2.11999988555908 0 0 0 0 0 0 0 0 1.18999993801117 1.05999994277954 0 0 0 0 0 0.0499999970197678 0.189999997615814 0.429999977350235 0.0199999995529652 0 1.75 3.60999989509583 3.97000002861023 0 0 0 0 0.610000014305115 2.28999996185303 3.03999996185303 3.46000003814697 2.82999992370605 1.91999995708466 0 0.00999999977648258 0.489999979734421 0 0 0 0 6.77999973297119 7 7.35999965667725 7.17999982833862 7.03999996185303 4.03999996185303 3.39999985694885
0 0 3.42999982833862 4.42999982833862 4.30999994277954 3.6399998664856 3.53999996185303 2.14999985694885 0.489999979734421 0 0 0 0 0 0 0 3.19999980926514 2.1800000667572 0.449999988079071 0.0700000002980232 0 0 0 0 0.209999993443489 0.340000003576279 0.149999991059303 0 0 0.419999986886978 0.449999988079071 1.57999992370605 0 0 0 0.449999988079071 2.46000003814697 2.82999992370605 3.21000003814697 2.58999991416931 0 0 0.0299999993294477 0 0 0.0700000002980232 0.00999999977648258 0 4.3600001335144 7.00999975204468 6.64999961853027 6.89999961853027 6.89999961853027 6.59999990463257 6.23999977111816
0 1.02999997138977 3.25 3.26999998092651 4.19000005722046 3.37999987602234 3.24000000953674 0.870000004768372 0 0 0 0 0 0 0 0 4 4.29999971389771 1.37000000476837 0.0700000002980232 0.0799999982118607 0.129999995231628 0.269999980926514 0.409999996423721 0.179999992251396 0.170000001788139 0.0399999991059303 0 0.109999999403954 0.569999992847443 0.28999999165535 0 0 0 0 0.310000002384186 0.129999995231628 1.69999992847443 1.52999997138977 0.310000002384186 0 0 0 0 0 0.0199999995529652 0.0199999995529652 1.73000001907349 4.09999990463257 5.36999988555908 4.88000011444092 3.76999998092651 2.58999991416931 6.30999994277954 6.04999971389771
0 0.919999957084656 2.62999987602234 2.74000000953674 2.99000000953674 2.91999983787537 0.519999980926514 0 0 0 0 0 0 0 0 3.27999997138977 4.17000007629395 4.48000001907349 0.0299999993294477 0 0.0999999940395355 0.25 0.159999996423721 0.269999980926514 0.129999995231628 0.389999985694885 0.219999998807907 0 0.629999995231628 0.409999996423721 0.140000000596046 0 0 0 0 0 0 0 0 0 0 0 0 0 0 0 0.0199999995529652 5.40999984741211 4.76999998092651 6.53999996185303 4.01999998092651 0.00999999977648258 0.0199999995529652 5.51999998092651 5.90999984741211
0 0 2.78999996185303 3.21000003814697 4.07999992370605 1.64999997615814 0 0 0 0 0 0 0 0 0.539999961853027 1.23000001907349 4.00999975204468 1.49000000953674 0 0 2.02999997138977 1.82999992370605 0 0.0299999993294477 0.00999999977648258 0.0299999993294477 0.0299999993294477 0 0 0 0 0 0 0 0 0 0 0 0 0 0 2.64999985694885 0 0 0 0 0.00999999977648258 7.56999969482422 6.96999979019165 8.25 0 0 0 1.33999991416931 6.23000001907349
0 1.13999998569489 2.82999992370605 3.76999998092651 3.57999992370605 0.879999995231628 0 0 0 0 0 0 0 0 1.02999997138977 1.19999992847443 2.1399998664856 0.509999990463257 0.129999995231628 0.949999988079071 3.34999990463257 3.6399998664856 3.54999995231628 1.37999999523163 1.86000001430511 2.5699999332428 1.92999994754791 1.4099999666214 0 0 0.199999988079071 0 0 0 0 0 0 0 0 0 0 5.42999982833862 4.92000007629395 4.53999996185303 4.90000009536743 6.33999967575073 8.35999965667725 9.84000015258789 9.59999942779541 9.6899995803833 0.0399999991059303 0 0 2.6399998664856 6.05999994277954
0 2.90999984741211 3.83999991416931 4.1100001335144 0.959999978542328 0 0 0 0 0 0 0 0 0 0.459999978542328 0.560000002384186 0.599999964237213 0 0.0999999940395355 2.66999983787537 3.40999984741211 3.87999987602234 3.86999988555908 3.08999991416931 3.12999987602234 3.44999980926514 3.47000002861023 3.10999989509583 0 0.25 0 0 0 0 0 0 0 0 4.57999992370605 4.63000011444092 4.81999969482422 5.90000009536743 9.90999984741211 4.42999982833862 7.15999984741211 9.30999946594238 10.8999996185303 9.63999938964844 9.46999931335449 9.46000003814697 0 0 0 0.810000002384186 1.69999992847443
3.80999994277954 4.42000007629395 4.65999984741211 4.13000011444092 0 0 0 0 0 0 0 0 0 0 0 0.00999999977648258 0 0.0700000002980232 0.0799999982118607 1.25 3.72000002861023 4.44999980926514 4.05999994277954 3.98000001907349 3.65999984741211 2.76999998092651 2.85999989509583 2.75999999046326 1.04999995231628 0 0 0 0 0 0 0 0 0 4.46999979019165 4.42999982833862 4.77999973297119 6.71999979019165 11.0799999237061 13 12.8299999237061 12.6999998092651 11.8299999237061 9.46000003814697 9.44999980926514 9.32999992370605 1.88999998569489 0.0399999991059303 0.0399999991059303 0 0
4.57999992370605 5.31999969482422 5.31999969482422 3.80999994277954 1.48000001907349 0 0 0 0 0 0 0 0 0 0 0 0 0.0799999982118607 0.0399999991059303 0 2.02999997138977 4.17999982833862 4.40999984741211 4.17999982833862 2.62999987602234 2.49000000953674 2.5699999332428 2.41999983787537 0.149999991059303 0.00999999977648258 1.50999999046326 3.04999995231628 0 0 0 0 0 1.46999990940094 4.1399998664856 4.48999977111816 4.63000011444092 7.17000007629395 11.5699996948242 12.7599992752075 12.6099996566772 12.5 12.8199996948242 12.6399993896484 10.3999996185303 9.26999950408936 9.46999931335449 9.5 0.219999998807907 0 0.129999995231628
4.21999979019165 5.05999994277954 4.94000005722046 3.99000000953674 0 0 0 0 0 0 0 0 0 0 0 0 0 0 0 0.0700000002980232 0.28999999165535 1.45999991893768 4.25 4.1100001335144 0.00999999977648258 0.389999985694885 2.3899998664856 0 0.0399999991059303 0.949999988079071 3.8199999332428 4.77999973297119 2.34999990463257 0.0999999940395355 0 0 0 1.49000000953674 4.28999996185303 5.21000003814697 6.69000005722046 9.22000026702881 10.9299993515015 12.3999996185303 12.710000038147 12.7699995040894 13.1399993896484 12.5199995040894 12.5799999237061 11.9200000762939 10.8800001144409 10.4099998474121 10.289999961853 3.35999989509583 0
3.10999989509583 4.17999982833862 4.53999996185303 4.71000003814697 0 0 0 0 0.75 0.949999988079071 0 0 0 0 0 0 0 0 0 0.629999995231628 0.529999971389771 1.75 3.93999981880188 0.75 0 0 2.53999996185303 0 0 0 4.42999982833862 4.96999979019165 4.88000011444092 0 0 0 0 0 4.23999977111816 6.92999982833862 9.39999961853027 9.6899995803833 9.92999935150146 10.6999998092651 14.460000038147 14.5699996948242 14.0199995040894 13.0199995040894 12.4799995422363 12.0900001525879 11.3999996185303 11.1499996185303 10.3699998855591 10.1599998474121 2.0699999332428
0 4.58999967575073 6.25999975204468 4.27999973297119 4.13000011444092 1.6599999666214 0.299999982118607 0.310000002384186 1.33999991416931 1.20999991893768 0.179999992251396 0 0 0 0 0.349999994039536 0.919999957084656 0.310000002384186 0 0 0 0 3.49000000953674 0 0 0 2.66999983787537 0 0 0 1.95999991893768 0.930000007152557 0 0 0 0 0 0 0 5.03999996185303 9.81999969482422 9.6899995803833 9.59000015258789 13.3400001525879 13.9499998092651 14.6399993896484 14.6199998855591 14.0299997329712 14.1999998092651 12.9299993515015 12.5999994277954 12.4899997711182 12.5099992752075 10.1399993896484 0
0.0199999995529652 5.92000007629395 6.57999992370605 7.46999979019165 6.87999963760376 5.71000003814697 4.54999971389771 3.04999995231628 2.08999991416931 1.80999994277954 0 0 0 0 0 0.189999997615814 1.27999997138977 0.639999985694885 0.449999988079071 0 1.37000000476837 3.08999991416931 3.21000003814697 3.76999998092651 1.95999991893768 3.32999992370605 3.40999984741211 3.17999982833862 1.22000002861023 0 0 0 0 0 0 0 0 0 0.159999996423721 0.179999992251396 10.3499994277954 10.2199993133545 12.8899993896484 13.460000038147 13.8800001144409 14.5699996948242 15.2799997329712 15.1599998474121 15.0099992752075 14.5099992752075 14.039999961853 10.9499998092651 11.2699995040894 0 0
5.92000007629395 6.40999984741211 6.48999977111816 7.19999980926514 7.91999959945679 6.57999992370605 5.69000005722046 3.25 0.489999979734421 0.439999997615814 0 0 0 0 0 0.349999994039536 0.149999991059303 0 0 1.45999991893768 2.20000004768372 2.82999992370605 3.53999996185303 4 4.25999975204468 3.98000001907349 3.54999995231628 3.25999999046326 2.93999981880188 0 0 0 0 0 0 0 0 0.0700000002980232 0.389999985694885 0.119999997317791 10.8699998855591 11.0699996948242 12.0900001525879 13.9899997711182 13.9699993133545 14.0900001525879 14.6399993896484 15.4399995803833 14.8499994277954 14.960000038147 14.0900001525879 13.6599998474121 11.3099994659424 0 0
5.6399998664856 6.33999967575073 7.00999975204468 7.71999979019165 7.10999965667725 5.77999973297119 4.25 0.5 0 0 0 0 0 0 0 0 1.94999992847443 0 0 2.86999988555908 3.32999992370605 4.44999980926514 4.73000001907349 4.25999975204468 4.27999973297119 3.40999984741211 3.32999992370605 3.43999981880188 3.97000002861023 3.43999981880188 0.629999995231628 0.429999977350235 0 0 0 0 0 0.0399999991059303 0.409999996423721 1.58999991416931 10.75 10.6399993896484 12.5500001907349 13.7199993133545 13.5799999237061 13.9799995422363 14.8699998855591 15.1399993896484 14.2999992370605 14.6099996566772 13.5499992370605 13.7399997711182 12.5500001907349 5.83999967575073 0.479999989271164
6.48000001907349 6.46999979019165 5.92999982833862 6.39999961853027 6.17999982833862 4.27999973297119 3.04999995231628 0.969999969005585 0 0 0 0 0 0 0 2.49000000953674 4.56999969482422 3.79999995231628 3.26999998092651 3.03999996185303 4.05999994277954 4.08999967575073 4.1100001335144 3.39999985694885 3.5699999332428 2.60999989509583 2.62999987602234 2.34999990463257 3.3899998664856 4.46999979019165 4.42000007629395 4.15999984741211 0 0 0 0 0 0 0.119999997317791 0.129999995231628 10.8400001525879 11.6599998474121 12.0999994277954 13.3999996185303 14.0599994659424 14.460000038147 14.6099996566772 14.2299995422363 14.4799995422363 14.75 14.0699996948242 12.5099992752075 11.6599998474121 0 0
